4,3,3,2,2,4,2,2,2,2,2,2,2,2,2,2,3,2,2,2,3,2,-0.229782767218605
4,3,2,2,2,3,2,2,3,2,3,2,2,2,2,3,3,2,3,3,3,2,-0.210514437376055
4,3,2,2,2,3,2,2,3,2,2,2,2,2,2,3,3,2,3,3,3,2,-0.0251200036076196
4,3,2,2,2,3,2,2,2,2,2,2,2,2,2,3,3,2,3,3,3,2,-0.113072488160432
4,3,2,2,2,3,2,2,2,2,3,2,2,2,2,3,3,2,3,3,3,2,-0.166715614995605
4,3,2,2,2,3,2,3,2,2,3,2,2,2,2,3,3,2,3,3,3,2,-0.109878103566185
4,3,3,2,2,4,2,2,2,2,2,2,3,2,2,2,3,2,2,2,3,2,-0.0134769828702963
4,3,2,2,2,3,2,3,2,2,2,2,2,2,2,3,3,2,3,3,3,2,-0.143952663669928
4,3,2,2,2,3,2,2,2,2,2,2,2,2,2,2,3,2,3,3,3,2,-0.0856134463756055
4,3,2,2,2,4,2,2,2,2,2,2,2,2,2,2,3,2,2,2,3,2,-0.0159910734844823
4,3,2,2,2,3,2,2,2,2,3,2,2,2,2,2,3,2,3,3,3,2,0.0160560847354965
4,3,2,2,2,3,2,3,2,2,2,2,2,2,2,2,3,2,3,3,3,2,-0.00887916783775175
4,3,2,2,2,2,2,2,2,2,2,2,2,2,3,2,3,2,3,3,3,2,0.0213858060771334
3,3,2,2,2,3,2,2,2,2,2,2,2,2,2,3,3,2,3,3,3,2,-0.103558963373232
4,3,2,2,2,2,2,2,2,2,2,2,2,2,2,2,3,2,3,3,3,2,-0.0554454905994553
4,3,2,2,2,3,2,2,2,2,2,2,2,2,3,2,3,2,3,3,3,2,0.0434945265995498
4,3,2,2,2,3,2,2,2,2,3,2,2,2,3,2,3,2,3,3,3,2,0.0921690816231105
4,3,2,2,2,3,2,2,2,2,2,2,2,2,2,3,3,1,3,3,3,2,-0.131267891699341
4,3,2,2,2,3,2,2,2,2,3,2,2,2,2,3,3,1,3,3,3,2,-0.0266675853367819
4,3,2,2,2,3,2,2,2,2,3,2,2,2,2,2,3,2,2,3,3,2,0.0419350006851662
4,3,2,2,2,3,2,3,2,2,3,2,2,2,2,2,3,2,3,3,3,2,-0.0855708718230173
4,3,2,2,2,3,2,2,2,2,3,2,2,2,2,3,3,2,2,3,3,2,0.142935969030682
4,3,2,2,2,2,2,2,2,2,3,2,2,2,2,2,3,2,3,3,3,2,-0.00325812559330314
3,3,2,2,2,3,2,2,2,2,3,2,2,2,2,3,3,2,3,3,3,2,-0.0109696705765946
4,3,2,2,2,3,2,3,2,2,3,2,2,2,2,3,3,3,3,3,3,2,-0.065149502859615
3,3,2,2,2,2,2,2,2,2,2,2,2,2,3,2,3,2,3,3,3,2,0.0385006358288993
4,3,2,2,2,5,3,2,2,2,2,3,5,3,5,2,3,3,3,4,3,2,-0.0300270227518792
3,3,3,2,2,4,2,2,2,2,2,2,2,2,2,2,3,2,2,2,3,2,0.282157328148384
5,3,3,2,2,4,2,2,2,2,2,2,2,2,2,2,3,2,2,2,3,2,0.0136418999376148
4,2,3,2,2,4,2,2,2,2,2,2,2,2,2,2,3,2,2,2,3,2,0.205894229787494
4,4,3,2,2,4,2,2,2,2,2,2,2,2,2,2,3,2,2,2,3,2,0.0112608974857439
4,3,4,2,2,4,2,2,2,2,2,2,2,2,2,2,3,2,2,2,3,2,-0.0997562286304781
4,3,3,1,2,4,2,2,2,2,2,2,2,2,2,2,3,2,2,2,3,2,-0.0156235509825436
4,3,3,3,2,4,2,2,2,2,2,2,2,2,2,2,3,2,2,2,3,2,-0.0207557137645817
4,3,3,2,1,4,2,2,2,2,2,2,2,2,2,2,3,2,2,2,3,2,-0.0056765226220037
4,3,3,2,3,4,2,2,2,2,2,2,2,2,2,2,3,2,2,2,3,2,-0.025412274594142
4,3,3,2,2,3,2,2,2,2,2,2,2,2,2,2,3,2,2,2,3,2,0.339166990816846
4,3,3,2,2,5,2,2,2,2,2,2,2,2,2,2,3,2,2,2,3,2,0.195952468053087
4,3,3,2,2,4,1,2,2,2,2,2,2,2,2,2,3,2,2,2,3,2,0.12846014440587
4,3,3,2,2,4,3,2,2,2,2,2,2,2,2,2,3,2,2,2,3,2,-0.0012604930548187
4,3,3,2,2,4,2,1,2,2,2,2,2,2,2,2,3,2,2,2,3,2,-0.00711488229256209
4,3,3,2,2,4,2,3,2,2,2,2,2,2,2,2,3,2,2,2,3,2,-0.0338762154041488
4,3,3,2,2,4,2,2,1,2,2,2,2,2,2,2,3,2,2,2,3,2,0.296668767716082
4,3,3,2,2,4,2,2,3,2,2,2,2,2,2,2,3,2,2,2,3,2,-0.00676627929562259
4,3,3,2,2,4,2,2,2,1,2,2,2,2,2,2,3,2,2,2,3,2,-0.0131363485920091
4,3,3,2,2,4,2,2,2,3,2,2,2,2,2,2,3,2,2,2,3,2,-0.0121793296558392
4,3,3,2,2,4,2,2,2,2,1,2,2,2,2,2,3,2,2,2,3,2,-0.0292548588703666
4,3,3,2,2,4,2,2,2,2,3,2,2,2,2,2,3,2,2,2,3,2,0.0295084042040232
4,3,3,2,2,4,2,2,2,2,2,1,2,2,2,2,3,2,2,2,3,2,0.159741989212865
4,3,3,2,2,4,2,2,2,2,2,3,2,2,2,2,3,2,2,2,3,2,0.117031783527314
4,3,3,2,2,4,2,2,2,2,2,2,1,2,2,2,3,2,2,2,3,2,-0.0783101778484594
4,3,3,2,2,4,2,2,2,2,2,2,2,1,2,2,3,2,2,2,3,2,0.00656539015473346
4,3,3,2,2,4,2,2,2,2,2,2,2,3,2,2,3,2,2,2,3,2,-0.10638749565146
4,3,3,2,2,4,2,2,2,2,2,2,2,2,1,2,3,2,2,2,3,2,0.11092226878842
4,3,3,2,2,4,2,2,2,2,2,2,2,2,3,2,3,2,2,2,3,2,0.0329610999835708
4,3,3,2,2,4,2,2,2,2,2,2,2,2,2,1,3,2,2,2,3,2,0.0209456743501334
4,3,3,2,2,4,2,2,2,2,2,2,2,2,2,3,3,2,2,2,3,2,0.228503485046828
4,3,3,2,2,4,2,2,2,2,2,2,2,2,2,2,2,2,2,2,3,2,0.122013096672798
4,3,3,2,2,4,2,2,2,2,2,2,2,2,2,2,4,2,2,2,3,2,0.00020405340833356
4,3,3,2,2,4,2,2,2,2,2,2,2,2,2,2,3,1,2,2,3,2,0.00860019078639468
4,3,3,2,2,4,2,2,2,2,2,2,2,2,2,2,3,3,2,2,3,2,0.221832544001968
4,3,3,2,2,4,2,2,2,2,2,2,2,2,2,2,3,2,1,2,3,2,-0.0262437544901411
4,3,3,2,2,4,2,2,2,2,2,2,2,2,2,2,3,2,3,2,3,2,0.0182048707803471
4,3,3,2,2,4,2,2,2,2,2,2,2,2,2,2,3,2,2,1,3,2,-0.0413569404425811
4,3,3,2,2,4,2,2,2,2,2,2,2,2,2,2,3,2,2,3,3,2,0.0351538868046882
4,3,3,2,2,4,2,2,2,2,2,2,2,2,2,2,3,2,2,2,2,2,-0.0152111126691878
4,3,3,2,2,4,2,2,2,2,2,2,2,2,2,2,3,2,2,2,4,2,-0.0148004069200578
4,3,3,2,2,4,2,2,2,2,2,2,2,2,2,2,3,2,2,2,3,1,-0.012722954971296
4,3,3,2,2,4,2,2,2,2,2,2,2,2,2,2,3,2,2,2,3,3,-0.0121354422684686
3,3,2,2,2,3,2,2,3,2,3,2,2,2,2,3,3,2,3,3,3,2,-0.00803363045819996
5,3,2,2,2,3,2,2,3,2,3,2,2,2,2,3,3,2,3,3,3,2,0.0429492644190613
4,2,2,2,2,3,2,2,3,2,3,2,2,2,2,3,3,2,3,3,3,2,0.0178731296066635
4,4,2,2,2,3,2,2,3,2,3,2,2,2,2,3,3,2,3,3,3,2,0.0617687388649874
4,3,1,2,2,3,2,2,3,2,3,2,2,2,2,3,3,2,3,3,3,2,0.0692795525873214
4,3,3,2,2,3,2,2,3,2,3,2,2,2,2,3,3,2,3,3,3,2,0.00245867333307525
4,3,2,1,2,3,2,2,3,2,3,2,2,2,2,3,3,2,3,3,3,2,0.0486786472058612
4,3,2,3,2,3,2,2,3,2,3,2,2,2,2,3,3,2,3,3,3,2,0.0291516587319871
4,3,2,2,1,3,2,2,3,2,3,2,2,2,2,3,3,2,3,3,3,2,0.0514656179714825
4,3,2,2,3,3,2,2,3,2,3,2,2,2,2,3,3,2,3,3,3,2,0.176694306939465
4,3,2,2,2,2,2,2,3,2,3,2,2,2,2,3,3,2,3,3,3,2,0.0895416884207931
4,3,2,2,2,4,2,2,3,2,3,2,2,2,2,3,3,2,3,3,3,2,0.0102228503495322
4,3,2,2,2,3,1,2,3,2,3,2,2,2,2,3,3,2,3,3,3,2,0.0515955809699491
4,3,2,2,2,3,3,2,3,2,3,2,2,2,2,3,3,2,3,3,3,2,0.0250797056510834
4,3,2,2,2,3,2,1,3,2,3,2,2,2,2,3,3,2,3,3,3,2,0.0231460705747381
4,3,2,2,2,3,2,3,3,2,3,2,2,2,2,3,3,2,3,3,3,2,0.0517233838845722
4,3,2,2,2,3,2,2,4,2,3,2,2,2,2,3,3,2,3,3,3,2,0.0982327422669653
4,3,2,2,2,3,2,2,3,1,3,2,2,2,2,3,3,2,3,3,3,2,0.0582215723375602
4,3,2,2,2,3,2,2,3,3,3,2,2,2,2,3,3,2,3,3,3,2,0.0576935735202183
4,3,2,2,2,3,2,2,3,2,4,2,2,2,2,3,3,2,3,3,3,2,0.00633642425771845
4,3,2,2,2,3,2,2,3,2,3,1,2,2,2,3,3,2,3,3,3,2,0.219768508929139
4,3,2,2,2,3,2,2,3,2,3,3,2,2,2,3,3,2,3,3,3,2,0.0182195127969457
4,3,2,2,2,3,2,2,3,2,3,2,1,2,2,3,3,2,3,3,3,2,0.0689201918996174
4,3,2,2,2,3,2,2,3,2,3,2,3,2,2,3,3,2,3,3,3,2,0.206882253423985
4,3,2,2,2,3,2,2,3,2,3,2,2,1,2,3,3,2,3,3,3,2,0.0580490364443504
4,3,2,2,2,3,2,2,3,2,3,2,2,3,2,3,3,2,3,3,3,2,0.0481141500269359
4,3,2,2,2,3,2,2,3,2,3,2,2,2,1,3,3,2,3,3,3,2,0.0141380855359715
4,3,2,2,2,3,2,2,3,2,3,2,2,2,3,3,3,2,3,3,3,2,0.149682959320778
4,3,2,2,2,3,2,2,3,2,3,2,2,2,2,2,3,2,3,3,3,2,0.143153900314918
4,3,2,2,2,3,2,2,3,2,3,2,2,2,2,4,3,2,3,3,3,2,0.0110993091145574
4,3,2,2,2,3,2,2,3,2,3,2,2,2,2,3,2,2,3,3,3,2,0.0497995729124007
4,3,2,2,2,3,2,2,3,2,3,2,2,2,2,3,4,2,3,3,3,2,0.0584972978433326
4,3,2,2,2,3,2,2,3,2,3,2,2,2,2,3,3,1,3,3,3,2,0.0222440528435473
4,3,2,2,2,3,2,2,3,2,3,2,2,2,2,3,3,3,3,3,3,2,0.203390246361021
4,3,2,2,2,3,2,2,3,2,3,2,2,2,2,3,3,2,2,3,3,2,0.0338374655332678
4,3,2,2,2,3,2,2,3,2,3,2,2,2,2,3,3,2,4,3,3,2,0.017897269266152
4,3,2,2,2,3,2,2,3,2,3,2,2,2,2,3,3,2,3,2,3,2,0.0474260574728648
4,3,2,2,2,3,2,2,3,2,3,2,2,2,2,3,3,2,3,4,3,2,0.0180234979749586
4,3,2,2,2,3,2,2,3,2,3,2,2,2,2,3,3,2,3,3,2,2,0.0180526226297535
4,3,2,2,2,3,2,2,3,2,3,2,2,2,2,3,3,2,3,3,4,2,0.0599672391915434
4,3,2,2,2,3,2,2,3,2,3,2,2,2,2,3,3,2,3,3,3,1,0.0442323177358893
4,3,2,2,2,3,2,2,3,2,3,2,2,2,2,3,3,2,3,3,3,3,0.0539049589928486
3,3,2,2,2,3,2,2,3,2,2,2,2,2,2,3,3,2,3,3,3,2,-0.0640387515137396
5,3,2,2,2,3,2,2,3,2,2,2,2,2,2,3,3,2,3,3,3,2,-0.0313450244824876
4,2,2,2,2,3,2,2,3,2,2,2,2,2,2,3,3,2,3,3,3,2,-0.0635639728726956
4,4,2,2,2,3,2,2,3,2,2,2,2,2,2,3,3,2,3,3,3,2,-0.0162837715121056
4,3,1,2,2,3,2,2,3,2,2,2,2,2,2,3,3,2,3,3,3,2,-0.0122959782041314
4,3,3,2,2,3,2,2,3,2,2,2,2,2,2,3,3,2,3,3,3,2,-0.0900475569530945
4,3,2,1,2,3,2,2,3,2,2,2,2,2,2,3,3,2,3,3,3,2,0.0160286842248242
4,3,2,3,2,3,2,2,3,2,2,2,2,2,2,3,3,2,3,3,3,2,-0.0579601167091024
4,3,2,2,1,3,2,2,3,2,2,2,2,2,2,3,3,2,3,3,3,2,-0.0152377265226122
4,3,2,2,3,3,2,2,3,2,2,2,2,2,2,3,3,2,3,3,3,2,-0.0893431396204479
4,3,2,2,2,2,2,2,3,2,2,2,2,2,2,3,3,2,3,3,3,2,0.00282913965250805
4,3,2,2,2,4,2,2,3,2,2,2,2,2,2,3,3,2,3,3,3,2,-0.0779249109918759
4,3,2,2,2,3,1,2,3,2,2,2,2,2,2,3,3,2,3,3,3,2,-0.0500169754584268
4,3,2,2,2,3,3,2,3,2,2,2,2,2,2,3,3,2,3,3,3,2,-0.0376168616193616
4,3,2,2,2,3,2,1,3,2,2,2,2,2,2,3,3,2,3,3,3,2,-0.0415835906493185
4,3,2,2,2,3,2,3,3,2,2,2,2,2,2,3,3,2,3,3,3,2,0.221274190240886
4,3,2,2,2,3,2,2,4,2,2,2,2,2,2,3,3,2,3,3,3,2,-0.0421934938227994
4,3,2,2,2,3,2,2,3,1,2,2,2,2,2,3,3,2,3,3,3,2,-0.0228788200271624
4,3,2,2,2,3,2,2,3,3,2,2,2,2,2,3,3,2,3,3,3,2,-0.022982807592014
4,3,2,2,2,3,2,2,3,2,1,2,2,2,2,3,3,2,3,3,3,2,0.0336251144290406
4,3,2,2,2,3,2,2,3,2,2,1,2,2,2,3,3,2,3,3,3,2,-0.0495264009818529
4,3,2,2,2,3,2,2,3,2,2,3,2,2,2,3,3,2,3,3,3,2,-0.0281652840279778
4,3,2,2,2,3,2,2,3,2,2,2,1,2,2,3,3,2,3,3,3,2,-0.0315974423458411
4,3,2,2,2,3,2,2,3,2,2,2,3,2,2,3,3,2,3,3,3,2,-0.0497195258383582
4,3,2,2,2,3,2,2,3,2,2,2,2,1,2,3,3,2,3,3,3,2,-0.01406698551182
4,3,2,2,2,3,2,2,3,2,2,2,2,3,2,3,3,2,3,3,3,2,-0.0445554292990954
4,3,2,2,2,3,2,2,3,2,2,2,2,2,1,3,3,2,3,3,3,2,-0.086667782417926
4,3,2,2,2,3,2,2,3,2,2,2,2,2,3,3,3,2,3,3,3,2,0.0599192509674273
4,3,2,2,2,3,2,2,3,2,2,2,2,2,2,2,3,2,3,3,3,2,0.28002486389666
4,3,2,2,2,3,2,2,3,2,2,2,2,2,2,4,3,2,3,3,3,2,-0.0507747538241617
4,3,2,2,2,3,2,2,3,2,2,2,2,2,2,3,2,2,3,3,3,2,-0.034011288923958
4,3,2,2,2,3,2,2,3,2,2,2,2,2,2,3,4,2,3,3,3,2,-0.0297579661372826
4,3,2,2,2,3,2,2,3,2,2,2,2,2,2,3,3,1,3,3,3,2,-0.0443498460516008
4,3,2,2,2,3,2,2,3,2,2,2,2,2,2,3,3,3,3,3,3,2,0.0429945768047346
4,3,2,2,2,3,2,2,3,2,2,2,2,2,2,3,3,2,2,3,3,2,0.0177210099908396
4,3,2,2,2,3,2,2,3,2,2,2,2,2,2,3,3,2,4,3,3,2,-0.024439587386719
4,3,2,2,2,3,2,2,3,2,2,2,2,2,2,3,3,2,3,2,3,2,-0.0739842070107117
4,3,2,2,2,3,2,2,3,2,2,2,2,2,2,3,3,2,3,4,3,2,-0.0227634729892493
4,3,2,2,2,3,2,2,3,2,2,2,2,2,2,3,3,2,3,3,2,2,-0.0518797401823376
4,3,2,2,2,3,2,2,3,2,2,2,2,2,2,3,3,2,3,3,4,2,-0.0212845650841365
4,3,2,2,2,3,2,2,3,2,2,2,2,2,2,3,3,2,3,3,3,1,-0.0228426340046844
4,3,2,2,2,3,2,2,3,2,2,2,2,2,2,3,3,2,3,3,3,3,-0.0216808341877098
5,3,2,2,2,3,2,2,2,2,2,2,2,2,2,3,3,2,3,3,3,2,-0.0513431284056094
4,2,2,2,2,3,2,2,2,2,2,2,2,2,2,3,3,2,3,3,3,2,0.160354442800944
4,4,2,2,2,3,2,2,2,2,2,2,2,2,2,3,3,2,3,3,3,2,-0.00261252711236624
4,3,1,2,2,3,2,2,2,2,2,2,2,2,2,3,3,2,3,3,3,2,-0.0148519051880768
4,3,3,2,2,3,2,2,2,2,2,2,2,2,2,3,3,2,3,3,3,2,0.10584359103818
4,3,2,1,2,3,2,2,2,2,2,2,2,2,2,3,3,2,3,3,3,2,-0.0548421088423003
4,3,2,3,2,3,2,2,2,2,2,2,2,2,2,3,3,2,3,3,3,2,0.0837387458128726
4,3,2,2,1,3,2,2,2,2,2,2,2,2,2,3,3,2,3,3,3,2,-0.0368735713673417
4,3,2,2,3,3,2,2,2,2,2,2,2,2,2,3,3,2,3,3,3,2,-0.138747747220912
4,3,2,2,2,2,2,2,2,2,2,2,2,2,2,3,3,2,3,3,3,2,-0.0109442951924902
4,3,2,2,2,4,2,2,2,2,2,2,2,2,2,3,3,2,3,3,3,2,0.182774077143713
4,3,2,2,2,3,1,2,2,2,2,2,2,2,2,3,3,2,3,3,3,2,0.207398655440709
4,3,2,2,2,3,3,2,2,2,2,2,2,2,2,3,3,2,3,3,3,2,-0.0796154661796422
4,3,2,2,2,3,2,1,2,2,2,2,2,2,2,3,3,2,3,3,3,2,-0.0397937924224747
4,3,2,2,2,3,2,2,1,2,2,2,2,2,2,3,3,2,3,3,3,2,-0.0598110098300602
4,3,2,2,2,3,2,2,2,1,2,2,2,2,2,3,3,2,3,3,3,2,-0.0169128494885843
4,3,2,2,2,3,2,2,2,3,2,2,2,2,2,3,3,2,3,3,3,2,-0.0265898665609118
4,3,2,2,2,3,2,2,2,2,1,2,2,2,2,3,3,2,3,3,3,2,0.199347931278793
4,3,2,2,2,3,2,2,2,2,2,1,2,2,2,3,3,2,3,3,3,2,-0.0372993397227215
4,3,2,2,2,3,2,2,2,2,2,3,2,2,2,3,3,2,3,3,3,2,0.101740926241163
4,3,2,2,2,3,2,2,2,2,2,2,1,2,2,3,3,2,3,3,3,2,-0.0396214986764809
4,3,2,2,2,3,2,2,2,2,2,2,3,2,2,3,3,2,3,3,3,2,-0.053018701365465
4,3,2,2,2,3,2,2,2,2,2,2,2,1,2,3,3,2,3,3,3,2,-0.0161912444377844
4,3,2,2,2,3,2,2,2,2,2,2,2,3,2,3,3,2,3,3,3,2,-0.0645431186737588
4,3,2,2,2,3,2,2,2,2,2,2,2,2,1,3,3,2,3,3,3,2,0.176095610629865
4,3,2,2,2,3,2,2,2,2,2,2,2,2,3,3,3,2,3,3,3,2,-0.051938967636033
4,3,2,2,2,3,2,2,2,2,2,2,2,2,2,4,3,2,3,3,3,2,-0.0519763586009935
4,3,2,2,2,3,2,2,2,2,2,2,2,2,2,3,2,2,3,3,3,2,-0.0452167386984329
4,3,2,2,2,3,2,2,2,2,2,2,2,2,2,3,4,2,3,3,3,2,-0.0508027871181541
4,3,2,2,2,3,2,2,2,2,2,2,2,2,2,3,3,3,3,3,3,2,0.119198666289033
4,3,2,2,2,3,2,2,2,2,2,2,2,2,2,3,3,2,2,3,3,2,-0.0172734225903012
4,3,2,2,2,3,2,2,2,2,2,2,2,2,2,3,3,2,4,3,3,2,-0.0304318646486009
4,3,2,2,2,3,2,2,2,2,2,2,2,2,2,3,3,2,3,2,3,2,0.139819252546111
4,3,2,2,2,3,2,2,2,2,2,2,2,2,2,3,3,2,3,4,3,2,-0.0556163922842264
4,3,2,2,2,3,2,2,2,2,2,2,2,2,2,3,3,2,3,3,2,2,0.0779816093539042
4,3,2,2,2,3,2,2,2,2,2,2,2,2,2,3,3,2,3,3,4,2,-0.0072583225745804
4,3,2,2,2,3,2,2,2,2,2,2,2,2,2,3,3,2,3,3,3,1,-0.0301347609913639
4,3,2,2,2,3,2,2,2,2,2,2,2,2,2,3,3,2,3,3,3,3,-0.0166448835166773
5,3,2,2,2,3,2,2,2,2,3,2,2,2,2,3,3,2,3,3,3,2,-0.0443962192092127
4,2,2,2,2,3,2,2,2,2,3,2,2,2,2,3,3,2,3,3,3,2,0.173755270164242
4,4,2,2,2,3,2,2,2,2,3,2,2,2,2,3,3,2,3,3,3,2,-0.00220654759550759
4,3,1,2,2,3,2,2,2,2,3,2,2,2,2,3,3,2,3,3,3,2,-0.00465129030637625
4,3,3,2,2,3,2,2,2,2,3,2,2,2,2,3,3,2,3,3,3,2,0.268322095483974
4,3,2,1,2,3,2,2,2,2,3,2,2,2,2,3,3,2,3,3,3,2,-0.014908036584235
4,3,2,3,2,3,2,2,2,2,3,2,2,2,2,3,3,2,3,3,3,2,0.0403447009149123
4,3,2,2,1,3,2,2,2,2,3,2,2,2,2,3,3,2,3,3,3,2,0.199858699530822
4,3,2,2,3,3,2,2,2,2,3,2,2,2,2,3,3,2,3,3,3,2,0.16479533509245
4,3,2,2,2,2,2,2,2,2,3,2,2,2,2,3,3,2,3,3,3,2,-0.0274204494177957
4,3,2,2,2,4,2,2,2,2,3,2,2,2,2,3,3,2,3,3,3,2,0.192726144523616
4,3,2,2,2,3,1,2,2,2,3,2,2,2,2,3,3,2,3,3,3,2,-0.0546073877222522
4,3,2,2,2,3,3,2,2,2,3,2,2,2,2,3,3,2,3,3,3,2,0.23895714852634
4,3,2,2,2,3,2,1,2,2,3,2,2,2,2,3,3,2,3,3,3,2,0.236823769354917
4,3,2,2,2,3,2,2,1,2,3,2,2,2,2,3,3,2,3,3,3,2,0.283584540122476
4,3,2,2,2,3,2,2,2,1,3,2,2,2,2,3,3,2,3,3,3,2,-0.0127603629275802
4,3,2,2,2,3,2,2,2,3,3,2,2,2,2,3,3,2,3,3,3,2,-0.0208006858609535
4,3,2,2,2,3,2,2,2,2,4,2,2,2,2,3,3,2,3,3,3,2,-0.0136398017726481
4,3,2,2,2,3,2,2,2,2,3,1,2,2,2,3,3,2,3,3,3,2,0.0838262517325189
4,3,2,2,2,3,2,2,2,2,3,3,2,2,2,3,3,2,3,3,3,2,0.193871941300064
4,3,2,2,2,3,2,2,2,2,3,2,1,2,2,3,3,2,3,3,3,2,-0.00252985562648136
4,3,2,2,2,3,2,2,2,2,3,2,3,2,2,3,3,2,3,3,3,2,0.190648369213477
4,3,2,2,2,3,2,2,2,2,3,2,2,1,2,3,3,2,3,3,3,2,-0.0364276365779674
4,3,2,2,2,3,2,2,2,2,3,2,2,3,2,3,3,2,3,3,3,2,-0.024713486300278
4,3,2,2,2,3,2,2,2,2,3,2,2,2,1,3,3,2,3,3,3,2,0.0559028577207792
4,3,2,2,2,3,2,2,2,2,3,2,2,2,3,3,3,2,3,3,3,2,-0.0581103060968838
4,3,2,2,2,3,2,2,2,2,3,2,2,2,2,4,3,2,3,3,3,2,-0.0631748726215823
4,3,2,2,2,3,2,2,2,2,3,2,2,2,2,3,2,2,3,3,3,2,-0.0335406197823888
4,3,2,2,2,3,2,2,2,2,3,2,2,2,2,3,4,2,3,3,3,2,-0.0184439638466124
4,3,2,2,2,3,2,2,2,2,3,2,2,2,2,3,3,3,3,3,3,2,0.159286928264437
4,3,2,2,2,3,2,2,2,2,3,2,2,2,2,3,3,2,4,3,3,2,-0.0840275576526748
4,3,2,2,2,3,2,2,2,2,3,2,2,2,2,3,3,2,3,2,3,2,-0.0378692561899518
4,3,2,2,2,3,2,2,2,2,3,2,2,2,2,3,3,2,3,4,3,2,0.147324773458051
4,3,2,2,2,3,2,2,2,2,3,2,2,2,2,3,3,2,3,3,2,2,0.206061369020775
4,3,2,2,2,3,2,2,2,2,3,2,2,2,2,3,3,2,3,3,4,2,0.000216102911849173
4,3,2,2,2,3,2,2,2,2,3,2,2,2,2,3,3,2,3,3,3,1,0.100594368334925
4,3,2,2,2,3,2,2,2,2,3,2,2,2,2,3,3,2,3,3,3,3,-0.0282337604265961
3,3,2,2,2,3,2,3,2,2,3,2,2,2,2,3,3,2,3,3,3,2,0.12171535093218
5,3,2,2,2,3,2,3,2,2,3,2,2,2,2,3,3,2,3,3,3,2,-0.0744146468312547
4,2,2,2,2,3,2,3,2,2,3,2,2,2,2,3,3,2,3,3,3,2,0.0500204689262204
4,4,2,2,2,3,2,3,2,2,3,2,2,2,2,3,3,2,3,3,3,2,-0.0432349649944748
4,3,1,2,2,3,2,3,2,2,3,2,2,2,2,3,3,2,3,3,3,2,-0.0490927891859492
4,3,3,2,2,3,2,3,2,2,3,2,2,2,2,3,3,2,3,3,3,2,-0.12879427222967
4,3,2,1,2,3,2,3,2,2,3,2,2,2,2,3,3,2,3,3,3,2,-0.0547259688646778
4,3,2,3,2,3,2,3,2,2,3,2,2,2,2,3,3,2,3,3,3,2,-0.13686589428158
4,3,2,2,1,3,2,3,2,2,3,2,2,2,2,3,3,2,3,3,3,2,-0.0109512766832169
4,3,2,2,3,3,2,3,2,2,3,2,2,2,2,3,3,2,3,3,3,2,0.0122520153293508
4,3,2,2,2,2,2,3,2,2,3,2,2,2,2,3,3,2,3,3,3,2,-0.0730414140312216
4,3,2,2,2,4,2,3,2,2,3,2,2,2,2,3,3,2,3,3,3,2,-0.09015422019245
4,3,2,2,2,3,1,3,2,2,3,2,2,2,2,3,3,2,3,3,3,2,-0.0599962712830113
4,3,2,2,2,3,3,3,2,2,3,2,2,2,2,3,3,2,3,3,3,2,-0.0887702492779604
4,3,2,2,2,3,2,4,2,2,3,2,2,2,2,3,3,2,3,3,3,2,0.018455606613598
4,3,2,2,2,3,2,3,1,2,3,2,2,2,2,3,3,2,3,3,3,2,-0.0544761053511542
4,3,2,2,2,3,2,3,2,1,3,2,2,2,2,3,3,2,3,3,3,2,-0.0566858711726506
4,3,2,2,2,3,2,3,2,3,3,2,2,2,2,3,3,2,3,3,3,2,-0.0574640228482726
4,3,2,2,2,3,2,3,2,2,4,2,2,2,2,3,3,2,3,3,3,2,-0.0389119072279779
4,3,2,2,2,3,2,3,2,2,3,1,2,2,2,3,3,2,3,3,3,2,-0.0983020606065718
4,3,2,2,2,3,2,3,2,2,3,3,2,2,2,3,3,2,3,3,3,2,-0.0970937552960067
4,3,2,2,2,3,2,3,2,2,3,2,1,2,2,3,3,2,3,3,3,2,-0.0555317391914134
4,3,2,2,2,3,2,3,2,2,3,2,3,2,2,3,3,2,3,3,3,2,-0.0880409636836431
4,3,2,2,2,3,2,3,2,2,3,2,2,1,2,3,3,2,3,3,3,2,0.106384274852884
4,3,2,2,2,3,2,3,2,2,3,2,2,3,2,3,3,2,3,3,3,2,-0.0727112335638953
4,3,2,2,2,3,2,3,2,2,3,2,2,2,1,3,3,2,3,3,3,2,-0.0757588248059847
4,3,2,2,2,3,2,3,2,2,3,2,2,2,3,3,3,2,3,3,3,2,0.0517764228052228
4,3,2,2,2,3,2,3,2,2,3,2,2,2,2,4,3,2,3,3,3,2,-0.0466513331663752
4,3,2,2,2,3,2,3,2,2,3,2,2,2,2,3,2,2,3,3,3,2,0.0665075232825421
4,3,2,2,2,3,2,3,2,2,3,2,2,2,2,3,4,2,3,3,3,2,-0.0444152201339042
4,3,2,2,2,3,2,3,2,2,3,2,2,2,2,3,3,1,3,3,3,2,0.297620636867125
4,3,2,2,2,3,2,3,2,2,3,2,2,2,2,3,3,2,2,3,3,2,0.00319677011607912
4,3,2,2,2,3,2,3,2,2,3,2,2,2,2,3,3,2,4,3,3,2,-0.07936531309842
4,3,2,2,2,3,2,3,2,2,3,2,2,2,2,3,3,2,3,2,3,2,-0.0463839987145832
4,3,2,2,2,3,2,3,2,2,3,2,2,2,2,3,3,2,3,4,3,2,0.332961844999041
4,3,2,2,2,3,2,3,2,2,3,2,2,2,2,3,3,2,3,3,2,2,0.0415993950454247
4,3,2,2,2,3,2,3,2,2,3,2,2,2,2,3,3,2,3,3,4,2,-0.045904668979325
4,3,2,2,2,3,2,3,2,2,3,2,2,2,2,3,3,2,3,3,3,1,-0.0614489075259149
4,3,2,2,2,3,2,3,2,2,3,2,2,2,2,3,3,2,3,3,3,3,0.104271660477919
3,3,3,2,2,4,2,2,2,2,2,2,3,2,2,2,3,2,2,2,3,2,-0.0926715815947506
5,3,3,2,2,4,2,2,2,2,2,2,3,2,2,2,3,2,2,2,3,2,-0.0102797742707131
4,2,3,2,2,4,2,2,2,2,2,2,3,2,2,2,3,2,2,2,3,2,-0.0776644320056703
4,4,3,2,2,4,2,2,2,2,2,2,3,2,2,2,3,2,2,2,3,2,-0.0112178025075884
4,3,2,2,2,4,2,2,2,2,2,2,3,2,2,2,3,2,2,2,3,2,0.077635559192247
4,3,4,2,2,4,2,2,2,2,2,2,3,2,2,2,3,2,2,2,3,2,-0.0729443348369242
4,3,3,1,2,4,2,2,2,2,2,2,3,2,2,2,3,2,2,2,3,2,-0.0233469637053009
4,3,3,3,2,4,2,2,2,2,2,2,3,2,2,2,3,2,2,2,3,2,-0.0288989339052736
4,3,3,2,1,4,2,2,2,2,2,2,3,2,2,2,3,2,2,2,3,2,-0.0136183374583282
4,3,3,2,3,4,2,2,2,2,2,2,3,2,2,2,3,2,2,2,3,2,-0.0353705865523536
4,3,3,2,2,3,2,2,2,2,2,2,3,2,2,2,3,2,2,2,3,2,0.0647764745739649
4,3,3,2,2,5,2,2,2,2,2,2,3,2,2,2,3,2,2,2,3,2,-0.0814010582461786
4,3,3,2,2,4,1,2,2,2,2,2,3,2,2,2,3,2,2,2,3,2,-0.0542219561384669
4,3,3,2,2,4,3,2,2,2,2,2,3,2,2,2,3,2,2,2,3,2,-0.0218314084168949
4,3,3,2,2,4,2,1,2,2,2,2,3,2,2,2,3,2,2,2,3,2,-0.00594537394246102
4,3,3,2,2,4,2,3,2,2,2,2,3,2,2,2,3,2,2,2,3,2,0.00568803421014648
4,3,3,2,2,4,2,2,1,2,2,2,3,2,2,2,3,2,2,2,3,2,-0.0626910095475785
4,3,3,2,2,4,2,2,3,2,2,2,3,2,2,2,3,2,2,2,3,2,-0.0419013221773045
4,3,3,2,2,4,2,2,2,1,2,2,3,2,2,2,3,2,2,2,3,2,-0.0235624727747452
4,3,3,2,2,4,2,2,2,3,2,2,3,2,2,2,3,2,2,2,3,2,-0.0213105706848392
4,3,3,2,2,4,2,2,2,2,1,2,3,2,2,2,3,2,2,2,3,2,-0.032531876045423
4,3,3,2,2,4,2,2,2,2,3,2,3,2,2,2,3,2,2,2,3,2,-0.00050263418883697
4,3,3,2,2,4,2,2,2,2,2,1,3,2,2,2,3,2,2,2,3,2,-0.0296702741289771
4,3,3,2,2,4,2,2,2,2,2,3,3,2,2,2,3,2,2,2,3,2,0.0405073553037218
4,3,3,2,2,4,2,2,2,2,2,2,4,2,2,2,3,2,2,2,3,2,0.0744547875743421
4,3,3,2,2,4,2,2,2,2,2,2,3,1,2,2,3,2,2,2,3,2,0.0295648600186981
4,3,3,2,2,4,2,2,2,2,2,2,3,3,2,2,3,2,2,2,3,2,0.338908157751441
4,3,3,2,2,4,2,2,2,2,2,2,3,2,1,2,3,2,2,2,3,2,-0.0814274908698079
4,3,3,2,2,4,2,2,2,2,2,2,3,2,3,2,3,2,2,2,3,2,0.0131897689816012
4,3,3,2,2,4,2,2,2,2,2,2,3,2,2,1,3,2,2,2,3,2,0.000390680712306023
4,3,3,2,2,4,2,2,2,2,2,2,3,2,2,3,3,2,2,2,3,2,-0.089731905402494
4,3,3,2,2,4,2,2,2,2,2,2,3,2,2,2,2,2,2,2,3,2,-0.0552502062610616
4,3,3,2,2,4,2,2,2,2,2,2,3,2,2,2,4,2,2,2,3,2,-0.0159287940384727
4,3,3,2,2,4,2,2,2,2,2,2,3,2,2,2,3,1,2,2,3,2,-0.00706605649941617
4,3,3,2,2,4,2,2,2,2,2,2,3,2,2,2,3,3,2,2,3,2,-0.0943711088345161
4,3,3,2,2,4,2,2,2,2,2,2,3,2,2,2,3,2,1,2,3,2,-0.031005272186114
4,3,3,2,2,4,2,2,2,2,2,2,3,2,2,2,3,2,3,2,3,2,-0.00702376490102175
4,3,3,2,2,4,2,2,2,2,2,2,3,2,2,2,3,2,2,1,3,2,-0.0442816964618568
4,3,3,2,2,4,2,2,2,2,2,2,3,2,2,2,3,2,2,3,3,2,0.00853486680363344
4,3,3,2,2,4,2,2,2,2,2,2,3,2,2,2,3,2,2,2,2,2,-0.0230735741447497
4,3,3,2,2,4,2,2,2,2,2,2,3,2,2,2,3,2,2,2,4,2,-0.0223958494290201
4,3,3,2,2,4,2,2,2,2,2,2,3,2,2,2,3,2,2,2,3,1,-0.0225172824414181
4,3,3,2,2,4,2,2,2,2,2,2,3,2,2,2,3,2,2,2,3,3,-0.0221249474420848
3,3,2,2,2,3,2,3,2,2,2,2,2,2,2,3,3,2,3,3,3,2,0.168220138056253
5,3,2,2,2,3,2,3,2,2,2,2,2,2,2,3,3,2,3,3,3,2,0.18215647725857
4,2,2,2,2,3,2,3,2,2,2,2,2,2,2,3,3,2,3,3,3,2,0.0763929454777244
4,4,2,2,2,3,2,3,2,2,2,2,2,2,2,3,3,2,3,3,3,2,0.017539774858087
4,3,1,2,2,3,2,3,2,2,2,2,2,2,2,3,3,2,3,3,3,2,0.00622935506406022
4,3,3,2,2,3,2,3,2,2,2,2,2,2,2,3,3,2,3,3,3,2,-0.0641189530834141
4,3,2,1,2,3,2,3,2,2,2,2,2,2,2,3,3,2,3,3,3,2,-0.0122901214535225
4,3,2,3,2,3,2,3,2,2,2,2,2,2,2,3,3,2,3,3,3,2,0.0844184766889835
4,3,2,2,1,3,2,3,2,2,2,2,2,2,2,3,3,2,3,3,3,2,0.000631930823943466
4,3,2,2,3,3,2,3,2,2,2,2,2,2,2,3,3,2,3,3,3,2,0.095811001696766
4,3,2,2,2,2,2,3,2,2,2,2,2,2,2,3,3,2,3,3,3,2,0.165974585841761
4,3,2,2,2,4,2,3,2,2,2,2,2,2,2,3,3,2,3,3,3,2,-0.0314789640279369
4,3,2,2,2,3,1,3,2,2,2,2,2,2,2,3,3,2,3,3,3,2,-0.0291667367475456
4,3,2,2,2,3,3,3,2,2,2,2,2,2,2,3,3,2,3,3,3,2,-0.0117235007401254
4,3,2,2,2,3,2,4,2,2,2,2,2,2,2,3,3,2,3,3,3,2,-0.0584294903749457
4,3,2,2,2,3,2,3,1,2,2,2,2,2,2,3,3,2,3,3,3,2,0.048694027341092
4,3,2,2,2,3,2,3,2,1,2,2,2,2,2,3,3,2,3,3,3,2,0.002052495061147
4,3,2,2,2,3,2,3,2,3,2,2,2,2,2,3,3,2,3,3,3,2,0.00315038904088194
4,3,2,2,2,3,2,3,2,2,1,2,2,2,2,3,3,2,3,3,3,2,-0.0330352816643538
4,3,2,2,2,3,2,3,2,2,2,1,2,2,2,3,3,2,3,3,3,2,0.152819370872782
4,3,2,2,2,3,2,3,2,2,2,3,2,2,2,3,3,2,3,3,3,2,-0.0881224362759481
4,3,2,2,2,3,2,3,2,2,2,2,1,2,2,3,3,2,3,3,3,2,-0.00461668991013353
4,3,2,2,2,3,2,3,2,2,2,2,3,2,2,3,3,2,3,3,3,2,0.00492970499375719
4,3,2,2,2,3,2,3,2,2,2,2,2,1,2,3,3,2,3,3,3,2,-0.0177220192679581
4,3,2,2,2,3,2,3,2,2,2,2,2,3,2,3,3,2,3,3,3,2,-0.00849124414813095
4,3,2,2,2,3,2,3,2,2,2,2,2,2,1,3,3,2,3,3,3,2,-0.0416012522424404
4,3,2,2,2,3,2,3,2,2,2,2,2,2,3,3,3,2,3,3,3,2,0.0459635327715607
4,3,2,2,2,3,2,3,2,2,2,2,2,2,2,4,3,2,3,3,3,2,-0.0649346894248858
4,3,2,2,2,3,2,3,2,2,2,2,2,2,2,3,2,2,3,3,3,2,0.115634630004054
4,3,2,2,2,3,2,3,2,2,2,2,2,2,2,3,4,2,3,3,3,2,0.0119595784612051
4,3,2,2,2,3,2,3,2,2,2,2,2,2,2,3,3,1,3,3,3,2,0.133417075247907
4,3,2,2,2,3,2,3,2,2,2,2,2,2,2,3,3,3,3,3,3,2,0.181668028540042
4,3,2,2,2,3,2,3,2,2,2,2,2,2,2,3,3,2,2,3,3,2,0.230754304859614
4,3,2,2,2,3,2,3,2,2,2,2,2,2,2,3,3,2,4,3,3,2,-0.00180703860824104
4,3,2,2,2,3,2,3,2,2,2,2,2,2,2,3,3,2,3,2,3,2,-0.042012202284785
4,3,2,2,2,3,2,3,2,2,2,2,2,2,2,3,3,2,3,4,3,2,-0.0569015003351741
4,3,2,2,2,3,2,3,2,2,2,2,2,2,2,3,3,2,3,3,2,2,0.137875513489602
4,3,2,2,2,3,2,3,2,2,2,2,2,2,2,3,3,2,3,3,4,2,-0.00273640160291544
4,3,2,2,2,3,2,3,2,2,2,2,2,2,2,3,3,2,3,3,3,1,-0.00176001246294205
4,3,2,2,2,3,2,3,2,2,2,2,2,2,2,3,3,2,3,3,3,3,-0.0202032622523866
3,3,2,2,2,3,2,2,2,2,2,2,2,2,2,2,3,2,3,3,3,2,0.191825646233074
5,3,2,2,2,3,2,2,2,2,2,2,2,2,2,2,3,2,3,3,3,2,-0.0259969769445026
4,2,2,2,2,3,2,2,2,2,2,2,2,2,2,2,3,2,3,3,3,2,-0.074848854826751
4,4,2,2,2,3,2,2,2,2,2,2,2,2,2,2,3,2,3,3,3,2,-0.0401457753730972
4,3,1,2,2,3,2,2,2,2,2,2,2,2,2,2,3,2,3,3,3,2,0.0196827911538775
4,3,3,2,2,3,2,2,2,2,2,2,2,2,2,2,3,2,3,3,3,2,-0.124414259215583
4,3,2,1,2,3,2,2,2,2,2,2,2,2,2,2,3,2,3,3,3,2,0.22106406548867
4,3,2,3,2,3,2,2,2,2,2,2,2,2,2,2,3,2,3,3,3,2,0.0656746785304589
4,3,2,2,1,3,2,2,2,2,2,2,2,2,2,2,3,2,3,3,3,2,-0.0363575006788152
4,3,2,2,3,3,2,2,2,2,2,2,2,2,2,2,3,2,3,3,3,2,0.212027717719287
4,3,2,2,2,4,2,2,2,2,2,2,2,2,2,2,3,2,3,3,3,2,-0.0140902211665968
4,3,2,2,2,3,1,2,2,2,2,2,2,2,2,2,3,2,3,3,3,2,-0.104465473662143
4,3,2,2,2,3,3,2,2,2,2,2,2,2,2,2,3,2,3,3,3,2,-0.0493803947546976
4,3,2,2,2,3,2,1,2,2,2,2,2,2,2,2,3,2,3,3,3,2,0.163717644881424
4,3,2,2,2,3,2,2,1,2,2,2,2,2,2,2,3,2,3,3,3,2,-0.0614381972012261
4,3,2,2,2,3,2,2,2,1,2,2,2,2,2,2,3,2,3,3,3,2,-0.0445808731234548
4,3,2,2,2,3,2,2,2,3,2,2,2,2,2,2,3,2,3,3,3,2,0.0440545925259466
4,3,2,2,2,3,2,2,2,2,1,2,2,2,2,2,3,2,3,3,3,2,-0.0929160056843999
4,3,2,2,2,3,2,2,2,2,2,1,2,2,2,2,3,2,3,3,3,2,-0.0379134983294335
4,3,2,2,2,3,2,2,2,2,2,3,2,2,2,2,3,2,3,3,3,2,-0.182232628234038
4,3,2,2,2,3,2,2,2,2,2,2,1,2,2,2,3,2,3,3,3,2,0.169427953712627
4,3,2,2,2,3,2,2,2,2,2,2,3,2,2,2,3,2,3,3,3,2,0.0479437644849998
4,3,2,2,2,3,2,2,2,2,2,2,2,1,2,2,3,2,3,3,3,2,-0.0180691138400199
4,3,2,2,2,3,2,2,2,2,2,2,2,3,2,2,3,2,3,3,3,2,0.254371873182776
4,3,2,2,2,3,2,2,2,2,2,2,2,2,1,2,3,2,3,3,3,2,0.0971517693666005
4,3,2,2,2,3,2,2,2,2,2,2,2,2,2,1,3,2,3,3,3,2,-0.00739457055570126
4,3,2,2,2,3,2,2,2,2,2,2,2,2,2,2,2,2,3,3,3,2,-0.0813916855703765
4,3,2,2,2,3,2,2,2,2,2,2,2,2,2,2,4,2,3,3,3,2,-0.0492571978578053
4,3,2,2,2,3,2,2,2,2,2,2,2,2,2,2,3,1,3,3,3,2,0.261058681053826
4,3,2,2,2,3,2,2,2,2,2,2,2,2,2,2,3,3,3,3,3,2,-0.0995101727242263
4,3,2,2,2,3,2,2,2,2,2,2,2,2,2,2,3,2,2,3,3,2,-0.0926427504016312
4,3,2,2,2,3,2,2,2,2,2,2,2,2,2,2,3,2,4,3,3,2,-0.0390885908442862
4,3,2,2,2,3,2,2,2,2,2,2,2,2,2,2,3,2,3,2,3,2,-0.137914289159977
4,3,2,2,2,3,2,2,2,2,2,2,2,2,2,2,3,2,3,4,3,2,0.143860782466042
4,3,2,2,2,3,2,2,2,2,2,2,2,2,2,2,3,2,3,3,2,2,-0.0603804894117874
4,3,2,2,2,3,2,2,2,2,2,2,2,2,2,2,3,2,3,3,4,2,-0.0606955543700109
4,3,2,2,2,3,2,2,2,2,2,2,2,2,2,2,3,2,3,3,3,1,-0.0491491250319469
4,3,2,2,2,3,2,2,2,2,2,2,2,2,2,2,3,2,3,3,3,3,-0.0390406000181614
3,3,2,2,2,4,2,2,2,2,2,2,2,2,2,2,3,2,2,2,3,2,-0.0854718344372392
5,3,2,2,2,4,2,2,2,2,2,2,2,2,2,2,3,2,2,2,3,2,0.0110244774354896
4,2,2,2,2,4,2,2,2,2,2,2,2,2,2,2,3,2,2,2,3,2,-0.00576738274854366
4,4,2,2,2,4,2,2,2,2,2,2,2,2,2,2,3,2,2,2,3,2,0.0125440868006569
4,3,1,2,2,4,2,2,2,2,2,2,2,2,2,2,3,2,2,2,3,2,0.103335465014907
4,3,2,1,2,4,2,2,2,2,2,2,2,2,2,2,3,2,2,2,3,2,-0.00968691379963763
4,3,2,3,2,4,2,2,2,2,2,2,2,2,2,2,3,2,2,2,3,2,-0.0162929492147745
4,3,2,2,1,4,2,2,2,2,2,2,2,2,2,2,3,2,2,2,3,2,0.00631253062224321
4,3,2,2,3,4,2,2,2,2,2,2,2,2,2,2,3,2,2,2,3,2,-0.0207346485375207
4,3,2,2,2,3,2,2,2,2,2,2,2,2,2,2,3,2,2,2,3,2,-0.00922060805124083
4,3,2,2,2,5,2,2,2,2,2,2,2,2,2,2,3,2,2,2,3,2,-0.0790926441539329
4,3,2,2,2,4,1,2,2,2,2,2,2,2,2,2,3,2,2,2,3,2,0.0141038714174572
4,3,2,2,2,4,3,2,2,2,2,2,2,2,2,2,3,2,2,2,3,2,0.00285241959864834
4,3,2,2,2,4,2,1,2,2,2,2,2,2,2,2,3,2,2,2,3,2,-0.00393617069591303
4,3,2,2,2,4,2,3,2,2,2,2,2,2,2,2,3,2,2,2,3,2,-0.0157466927176456
4,3,2,2,2,4,2,2,1,2,2,2,2,2,2,2,3,2,2,2,3,2,-0.0471783836295897
4,3,2,2,2,4,2,2,3,2,2,2,2,2,2,2,3,2,2,2,3,2,-0.0254360852930675
4,3,2,2,2,4,2,2,2,1,2,2,2,2,2,2,3,2,2,2,3,2,-0.00124081036300938
4,3,2,2,2,4,2,2,2,3,2,2,2,2,2,2,3,2,2,2,3,2,-0.00239416679606304
4,3,2,2,2,4,2,2,2,2,1,2,2,2,2,2,3,2,2,2,3,2,-0.0270544756269294
4,3,2,2,2,4,2,2,2,2,3,2,2,2,2,2,3,2,2,2,3,2,0.0667097417144894
4,3,2,2,2,4,2,2,2,2,2,1,2,2,2,2,3,2,2,2,3,2,-0.0196811190084094
4,3,2,2,2,4,2,2,2,2,2,3,2,2,2,2,3,2,2,2,3,2,-0.0529994049474474
4,3,2,2,2,4,2,2,2,2,2,2,1,2,2,2,3,2,2,2,3,2,-0.033041678578976
4,3,2,2,2,4,2,2,2,2,2,2,2,1,2,2,3,2,2,2,3,2,0.0147268446152274
4,3,2,2,2,4,2,2,2,2,2,2,2,3,2,2,3,2,2,2,3,2,-0.0524645208874537
4,3,2,2,2,4,2,2,2,2,2,2,2,2,1,2,3,2,2,2,3,2,-0.0594858366088029
4,3,2,2,2,4,2,2,2,2,2,2,2,2,3,2,3,2,2,2,3,2,0.0284503810207618
4,3,2,2,2,4,2,2,2,2,2,2,2,2,2,1,3,2,2,2,3,2,0.0147594072059508
4,3,2,2,2,4,2,2,2,2,2,2,2,2,2,3,3,2,2,2,3,2,-0.062074643549853
4,3,2,2,2,4,2,2,2,2,2,2,2,2,2,2,2,2,2,2,3,2,-0.0353595156097708
4,3,2,2,2,4,2,2,2,2,2,2,2,2,2,2,4,2,2,2,3,2,0.00371369667167218
4,3,2,2,2,4,2,2,2,2,2,2,2,2,2,2,3,1,2,2,3,2,-0.00274461815826393
4,3,2,2,2,4,2,2,2,2,2,2,2,2,2,2,3,3,2,2,3,2,-0.074901656839441
4,3,2,2,2,4,2,2,2,2,2,2,2,2,2,2,3,2,1,2,3,2,-0.0167444060971946
4,3,2,2,2,4,2,2,2,2,2,2,2,2,2,2,3,2,3,2,3,2,0.0358181964684174
4,3,2,2,2,4,2,2,2,2,2,2,2,2,2,2,3,2,2,1,3,2,-0.0311082263926104
4,3,2,2,2,4,2,2,2,2,2,2,2,2,2,2,3,2,2,3,3,2,0.10561889255301
4,3,2,2,2,4,2,2,2,2,2,2,2,2,2,2,3,2,2,2,2,2,-0.00261225523682399
4,3,2,2,2,4,2,2,2,2,2,2,2,2,2,2,3,2,2,2,4,2,-0.00257363374516235
4,3,2,2,2,4,2,2,2,2,2,2,2,2,2,2,3,2,2,2,3,1,-0.00179082961991914
4,3,2,2,2,4,2,2,2,2,2,2,2,2,2,2,3,2,2,2,3,3,-0.000594587845500328
3,3,2,2,2,3,2,2,2,2,3,2,2,2,2,2,3,2,3,3,3,2,0.22508060468975
5,3,2,2,2,3,2,2,2,2,3,2,2,2,2,2,3,2,3,3,3,2,-0.0344756412436221
4,2,2,2,2,3,2,2,2,2,3,2,2,2,2,2,3,2,3,3,3,2,-0.0762713008684451
4,4,2,2,2,3,2,2,2,2,3,2,2,2,2,2,3,2,3,3,3,2,-0.0477226836576638
4,3,1,2,2,3,2,2,2,2,3,2,2,2,2,2,3,2,3,3,3,2,-0.058776399525676
4,3,3,2,2,3,2,2,2,2,3,2,2,2,2,2,3,2,3,3,3,2,-0.118218607888958
4,3,2,1,2,3,2,2,2,2,3,2,2,2,2,2,3,2,3,3,3,2,-0.0681250300326289
4,3,2,3,2,3,2,2,2,2,3,2,2,2,2,2,3,2,3,3,3,2,0.204306294578568
4,3,2,2,1,3,2,2,2,2,3,2,2,2,2,2,3,2,3,3,3,2,-0.0669558946931505
4,3,2,2,3,3,2,2,2,2,3,2,2,2,2,2,3,2,3,3,3,2,-0.146761787016238
4,3,2,2,2,4,2,2,2,2,3,2,2,2,2,2,3,2,3,3,3,2,-0.09117612605872
4,3,2,2,2,3,1,2,2,2,3,2,2,2,2,2,3,2,3,3,3,2,0.169211789685513
4,3,2,2,2,3,3,2,2,2,3,2,2,2,2,2,3,2,3,3,3,2,-0.0652625084440817
4,3,2,2,2,3,2,1,2,2,3,2,2,2,2,2,3,2,3,3,3,2,-0.0793852218119481
4,3,2,2,2,3,2,2,1,2,3,2,2,2,2,2,3,2,3,3,3,2,-0.0465430564969247
4,3,2,2,2,3,2,2,2,1,3,2,2,2,2,2,3,2,3,3,3,2,-0.0469497447234961
4,3,2,2,2,3,2,2,2,3,3,2,2,2,2,2,3,2,3,3,3,2,-0.0599251640314586
4,3,2,2,2,3,2,2,2,2,4,2,2,2,2,2,3,2,3,3,3,2,-0.0445423067770527
4,3,2,2,2,3,2,2,2,2,3,1,2,2,2,2,3,2,3,3,3,2,-0.0661078866478782
4,3,2,2,2,3,2,2,2,2,3,3,2,2,2,2,3,2,3,3,3,2,0.13554489716756
4,3,2,2,2,3,2,2,2,2,3,2,1,2,2,2,3,2,3,3,3,2,-0.0714933113586865
4,3,2,2,2,3,2,2,2,2,3,2,3,2,2,2,3,2,3,3,3,2,-0.0967508884195577
4,3,2,2,2,3,2,2,2,2,3,2,2,1,2,2,3,2,3,3,3,2,-0.0404222758049465
4,3,2,2,2,3,2,2,2,2,3,2,2,3,2,2,3,2,3,3,3,2,-0.0377368915698888
4,3,2,2,2,3,2,2,2,2,3,2,2,2,1,2,3,2,3,3,3,2,-0.1426716487612
4,3,2,2,2,3,2,2,2,2,3,2,2,2,2,1,3,2,3,3,3,2,-1.41822468167309e-05
4,3,2,2,2,3,2,2,2,2,3,2,2,2,2,2,2,2,3,3,3,2,-0.0515024726741389
4,3,2,2,2,3,2,2,2,2,3,2,2,2,2,2,4,2,3,3,3,2,-0.0493564146810619
4,3,2,2,2,3,2,2,2,2,3,2,2,2,2,2,3,1,3,3,3,2,-0.0529543119527437
4,3,2,2,2,3,2,2,2,2,3,2,2,2,2,2,3,3,3,3,3,2,-0.107187982619943
4,3,2,2,2,3,2,2,2,2,3,2,2,2,2,2,3,2,4,3,3,2,-0.0464673787959865
4,3,2,2,2,3,2,2,2,2,3,2,2,2,2,2,3,2,3,2,3,2,-0.0975188387672183
4,3,2,2,2,3,2,2,2,2,3,2,2,2,2,2,3,2,3,4,3,2,-0.109711372923546
4,3,2,2,2,3,2,2,2,2,3,2,2,2,2,2,3,2,3,3,2,2,-0.0770017693988029
4,3,2,2,2,3,2,2,2,2,3,2,2,2,2,2,3,2,3,3,4,2,-0.0493257971104803
4,3,2,2,2,3,2,2,2,2,3,2,2,2,2,2,3,2,3,3,3,1,-0.0713293112741313
4,3,2,2,2,3,2,2,2,2,3,2,2,2,2,2,3,2,3,3,3,3,-0.0473110369653018
3,3,2,2,2,3,2,3,2,2,2,2,2,2,2,2,3,2,3,3,3,2,-0.145693742835346
5,3,2,2,2,3,2,3,2,2,2,2,2,2,2,2,3,2,3,3,3,2,-0.0790744757769559
4,2,2,2,2,3,2,3,2,2,2,2,2,2,2,2,3,2,3,3,3,2,-0.0944791966890199
4,4,2,2,2,3,2,3,2,2,2,2,2,2,2,2,3,2,3,3,3,2,-0.0614796775444953
4,3,1,2,2,3,2,3,2,2,2,2,2,2,2,2,3,2,3,3,3,2,-0.0279717920215704
4,3,3,2,2,3,2,3,2,2,2,2,2,2,2,2,3,2,3,3,3,2,-0.121481669847258
4,3,2,1,2,3,2,3,2,2,2,2,2,2,2,2,3,2,3,3,3,2,0.0419276328848554
4,3,2,3,2,3,2,3,2,2,2,2,2,2,2,2,3,2,3,3,3,2,0.0448065275763107
4,3,2,2,1,3,2,3,2,2,2,2,2,2,2,2,3,2,3,3,3,2,-0.012752873728351
4,3,2,2,3,3,2,3,2,2,2,2,2,2,2,2,3,2,3,3,3,2,-0.156459500520768
4,3,2,2,2,2,2,3,2,2,2,2,2,2,2,2,3,2,3,3,3,2,0.170120847666318
4,3,2,2,2,4,2,3,2,2,2,2,2,2,2,2,3,2,3,3,3,2,-0.0831716319905229
4,3,2,2,2,3,1,3,2,2,2,2,2,2,2,2,3,2,3,3,3,2,-0.0302261590872711
4,3,2,2,2,3,3,3,2,2,2,2,2,2,2,2,3,2,3,3,3,2,-0.0643266914355637
4,3,2,2,2,3,2,4,2,2,2,2,2,2,2,2,3,2,3,3,3,2,-0.103856623510017
4,3,2,2,2,3,2,3,1,2,2,2,2,2,2,2,3,2,3,3,3,2,0.0811481729897639
4,3,2,2,2,3,2,3,3,2,2,2,2,2,2,2,3,2,3,3,3,2,-0.143448914551708
4,3,2,2,2,3,2,3,2,1,2,2,2,2,2,2,3,2,3,3,3,2,-0.0672368472438782
4,3,2,2,2,3,2,3,2,3,2,2,2,2,2,2,3,2,3,3,3,2,-0.0747741295105567
4,3,2,2,2,3,2,3,2,2,1,2,2,2,2,2,3,2,3,3,3,2,-0.0179354626315498
4,3,2,2,2,3,2,3,2,2,2,1,2,2,2,2,3,2,3,3,3,2,-0.0643820631196693
4,3,2,2,2,3,2,3,2,2,2,3,2,2,2,2,3,2,3,3,3,2,0.211514914919542
4,3,2,2,2,3,2,3,2,2,2,2,1,2,2,2,3,2,3,3,3,2,-0.0984381620771321
4,3,2,2,2,3,2,3,2,2,2,2,3,2,2,2,3,2,3,3,3,2,-0.0674530879958336
4,3,2,2,2,3,2,3,2,2,2,2,2,1,2,2,3,2,3,3,3,2,-0.055453586562111
4,3,2,2,2,3,2,3,2,2,2,2,2,3,2,2,3,2,3,3,3,2,-0.156363436801055
4,3,2,2,2,3,2,3,2,2,2,2,2,2,1,2,3,2,3,3,3,2,-0.126545902822196
4,3,2,2,2,3,2,3,2,2,2,2,2,2,3,2,3,2,3,3,3,2,-0.00162371230451018
4,3,2,2,2,3,2,3,2,2,2,2,2,2,2,1,3,2,3,3,3,2,0.00386454262099108
4,3,2,2,2,3,2,3,2,2,2,2,2,2,2,2,2,2,3,3,3,2,0.153045227211919
4,3,2,2,2,3,2,3,2,2,2,2,2,2,2,2,4,2,3,3,3,2,-0.0455311653143248
4,3,2,2,2,3,2,3,2,2,2,2,2,2,2,2,3,1,3,3,3,2,0.171217385892216
4,3,2,2,2,3,2,3,2,2,2,2,2,2,2,2,3,3,3,3,3,2,0.025187776039747
4,3,2,2,2,3,2,3,2,2,2,2,2,2,2,2,3,2,2,3,3,2,-0.0924305133940714
4,3,2,2,2,3,2,3,2,2,2,2,2,2,2,2,3,2,4,3,3,2,0.0831593917151605
4,3,2,2,2,3,2,3,2,2,2,2,2,2,2,2,3,2,3,2,3,2,-0.105670102603045
4,3,2,2,2,3,2,3,2,2,2,2,2,2,2,2,3,2,3,4,3,2,-0.0910626246313721
4,3,2,2,2,3,2,3,2,2,2,2,2,2,2,2,3,2,3,3,2,2,-0.0871661943377279
4,3,2,2,2,3,2,3,2,2,2,2,2,2,2,2,3,2,3,3,4,2,0.0642843317444725
4,3,2,2,2,3,2,3,2,2,2,2,2,2,2,2,3,2,3,3,3,1,-0.0217038426629685
4,3,2,2,2,3,2,3,2,2,2,2,2,2,2,2,3,2,3,3,3,3,-0.0651370055566141
5,3,2,2,2,2,2,2,2,2,2,2,2,2,3,2,3,2,3,3,3,2,-0.0355485075912983
4,2,2,2,2,2,2,2,2,2,2,2,2,2,3,2,3,2,3,3,3,2,-0.0138660597146583
4,4,2,2,2,2,2,2,2,2,2,2,2,2,3,2,3,2,3,3,3,2,-0.0354246351642416
4,3,1,2,2,2,2,2,2,2,2,2,2,2,3,2,3,2,3,3,3,2,-0.0637467670320694
4,3,3,2,2,2,2,2,2,2,2,2,2,2,3,2,3,2,3,3,3,2,-0.0555730975366501
4,3,2,1,2,2,2,2,2,2,2,2,2,2,3,2,3,2,3,3,3,2,-0.0325347968275141
4,3,2,3,2,2,2,2,2,2,2,2,2,2,3,2,3,2,3,3,3,2,-0.0694579556234335
4,3,2,2,1,2,2,2,2,2,2,2,2,2,3,2,3,2,3,3,3,2,-0.0376532159604023
4,3,2,2,3,2,2,2,2,2,2,2,2,2,3,2,3,2,3,3,3,2,-0.0513269921946222
4,3,2,2,2,1,2,2,2,2,2,2,2,2,3,2,3,2,3,3,3,2,-0.0292256141654547
4,3,2,2,2,2,1,2,2,2,2,2,2,2,3,2,3,2,3,3,3,2,-0.0410567200189617
4,3,2,2,2,2,3,2,2,2,2,2,2,2,3,2,3,2,3,3,3,2,-0.0421032147388277
4,3,2,2,2,2,2,1,2,2,2,2,2,2,3,2,3,2,3,3,3,2,0.118701601787835
4,3,2,2,2,2,2,3,2,2,2,2,2,2,3,2,3,2,3,3,3,2,-0.073133690235746
4,3,2,2,2,2,2,2,1,2,2,2,2,2,3,2,3,2,3,3,3,2,-0.0343697293393884
4,3,2,2,2,2,2,2,3,2,2,2,2,2,3,2,3,2,3,3,3,2,-0.0636018845665198
4,3,2,2,2,2,2,2,2,1,2,2,2,2,3,2,3,2,3,3,3,2,-0.0680012878584645
4,3,2,2,2,2,2,2,2,3,2,2,2,2,3,2,3,2,3,3,3,2,-0.0377136258176768
4,3,2,2,2,2,2,2,2,2,1,2,2,2,3,2,3,2,3,3,3,2,-0.0418877598488889
4,3,2,2,2,2,2,2,2,2,3,2,2,2,3,2,3,2,3,3,3,2,0.125492097584306
4,3,2,2,2,2,2,2,2,2,2,1,2,2,3,2,3,2,3,3,3,2,-0.00269920016626322
4,3,2,2,2,2,2,2,2,2,2,3,2,2,3,2,3,2,3,3,3,2,-0.00860214199909171
4,3,2,2,2,2,2,2,2,2,2,2,1,2,3,2,3,2,3,3,3,2,-0.0411580310502681
4,3,2,2,2,2,2,2,2,2,2,2,3,2,3,2,3,2,3,3,3,2,0.0102388216093063
4,3,2,2,2,2,2,2,2,2,2,2,2,1,3,2,3,2,3,3,3,2,-0.030479563516596
4,3,2,2,2,2,2,2,2,2,2,2,2,3,3,2,3,2,3,3,3,2,-0.0521472141601517
4,3,2,2,2,2,2,2,2,2,2,2,2,2,4,2,3,2,3,3,3,2,0.0296405336776034
4,3,2,2,2,2,2,2,2,2,2,2,2,2,3,1,3,2,3,3,3,2,-0.0188313837176673
4,3,2,2,2,2,2,2,2,2,2,2,2,2,3,3,3,2,3,3,3,2,-0.0978025382284414
4,3,2,2,2,2,2,2,2,2,2,2,2,2,3,2,2,2,3,3,3,2,0.0560130746484468
4,3,2,2,2,2,2,2,2,2,2,2,2,2,3,2,4,2,3,3,3,2,0.0642642035765951
4,3,2,2,2,2,2,2,2,2,2,2,2,2,3,2,3,1,3,3,3,2,-0.0504051711775013
4,3,2,2,2,2,2,2,2,2,2,2,2,2,3,2,3,3,3,3,3,2,-0.0597531813377867
4,3,2,2,2,2,2,2,2,2,2,2,2,2,3,2,3,2,2,3,3,2,0.393611768059042
4,3,2,2,2,2,2,2,2,2,2,2,2,2,3,2,3,2,4,3,3,2,0.00362024955451381
4,3,2,2,2,2,2,2,2,2,2,2,2,2,3,2,3,2,3,2,3,2,-0.0983750138001069
4,3,2,2,2,2,2,2,2,2,2,2,2,2,3,2,3,2,3,4,3,2,-0.0107743416654924
4,3,2,2,2,2,2,2,2,2,2,2,2,2,3,2,3,2,3,3,2,2,-0.00894598564441966
4,3,2,2,2,2,2,2,2,2,2,2,2,2,3,2,3,2,3,3,4,2,-0.00808554985549517
4,3,2,2,2,2,2,2,2,2,2,2,2,2,3,2,3,2,3,3,3,1,-0.0438274633034349
4,3,2,2,2,2,2,2,2,2,2,2,2,2,3,2,3,2,3,3,3,3,-0.0395680129353282
2,3,2,2,2,3,2,2,2,2,2,2,2,2,2,3,3,2,3,3,3,2,0.204650077587424
3,2,2,2,2,3,2,2,2,2,2,2,2,2,2,3,3,2,3,3,3,2,-0.0660005762675067
3,4,2,2,2,3,2,2,2,2,2,2,2,2,2,3,3,2,3,3,3,2,-0.0194465922711346
3,3,1,2,2,3,2,2,2,2,2,2,2,2,2,3,3,2,3,3,3,2,-0.0112971567541109
3,3,3,2,2,3,2,2,2,2,2,2,2,2,2,3,3,2,3,3,3,2,-0.101845222693646
3,3,2,1,2,3,2,2,2,2,2,2,2,2,2,3,3,2,3,3,3,2,-0.0373721047942461
3,3,2,3,2,3,2,2,2,2,2,2,2,2,2,3,3,2,3,3,3,2,-0.0640117074070078
3,3,2,2,1,3,2,2,2,2,2,2,2,2,2,3,3,2,3,3,3,2,-0.0199565801125004
3,3,2,2,3,3,2,2,2,2,2,2,2,2,2,3,3,2,3,3,3,2,-0.0787135058202171
3,3,2,2,2,2,2,2,2,2,2,2,2,2,2,3,3,2,3,3,3,2,0.00247880278117722
3,3,2,2,2,4,2,2,2,2,2,2,2,2,2,3,3,2,3,3,3,2,-0.087668530011642
3,3,2,2,2,3,1,2,2,2,2,2,2,2,2,3,3,2,3,3,3,2,-0.0295883409993369
3,3,2,2,2,3,3,2,2,2,2,2,2,2,2,3,3,2,3,3,3,2,0.279684257150727
3,3,2,2,2,3,2,1,2,2,2,2,2,2,2,3,3,2,3,3,3,2,0.217477178522286
3,3,2,2,2,3,2,2,1,2,2,2,2,2,2,3,3,2,3,3,3,2,-0.0257482999149347
3,3,2,2,2,3,2,2,2,1,2,2,2,2,2,3,3,2,3,3,3,2,-0.0295725728642311
3,3,2,2,2,3,2,2,2,3,2,2,2,2,2,3,3,2,3,3,3,2,-0.024616045456754
3,3,2,2,2,3,2,2,2,2,1,2,2,2,2,3,3,2,3,3,3,2,-0.0788884463034214
3,3,2,2,2,3,2,2,2,2,2,1,2,2,2,3,3,2,3,3,3,2,-0.025595061283129
3,3,2,2,2,3,2,2,2,2,2,3,2,2,2,3,3,2,3,3,3,2,-0.0846719549943554
3,3,2,2,2,3,2,2,2,2,2,2,1,2,2,3,3,2,3,3,3,2,-0.0382040704960295
3,3,2,2,2,3,2,2,2,2,2,2,3,2,2,3,3,2,3,3,3,2,-0.021377956886703
3,3,2,2,2,3,2,2,2,2,2,2,2,1,2,3,3,2,3,3,3,2,-0.0175953099182446
3,3,2,2,2,3,2,2,2,2,2,2,2,3,2,3,3,2,3,3,3,2,-0.0457258827915426
3,3,2,2,2,3,2,2,2,2,2,2,2,2,1,3,3,2,3,3,3,2,-0.0983621347164128
3,3,2,2,2,3,2,2,2,2,2,2,2,2,3,3,3,2,3,3,3,2,0.0592885936628739
3,3,2,2,2,3,2,2,2,2,2,2,2,2,2,4,3,2,3,3,3,2,-0.0356726312833521
3,3,2,2,2,3,2,2,2,2,2,2,2,2,2,3,2,2,3,3,3,2,-0.0187041773851967
3,3,2,2,2,3,2,2,2,2,2,2,2,2,2,3,4,2,3,3,3,2,0.209086235023327
3,3,2,2,2,3,2,2,2,2,2,2,2,2,2,3,3,1,3,3,3,2,0.218353193404232
3,3,2,2,2,3,2,2,2,2,2,2,2,2,2,3,3,3,3,3,3,2,0.157929970486144
3,3,2,2,2,3,2,2,2,2,2,2,2,2,2,3,3,2,2,3,3,2,-0.00544682419572936
3,3,2,2,2,3,2,2,2,2,2,2,2,2,2,3,3,2,4,3,3,2,-0.0240494529205308
3,3,2,2,2,3,2,2,2,2,2,2,2,2,2,3,3,2,3,2,3,2,0.159451216875014
3,3,2,2,2,3,2,2,2,2,2,2,2,2,2,3,3,2,3,4,3,2,-0.00587048859598637
3,3,2,2,2,3,2,2,2,2,2,2,2,2,2,3,3,2,3,3,2,2,-0.0546800017668232
3,3,2,2,2,3,2,2,2,2,2,2,2,2,2,3,3,2,3,3,4,2,-0.0239205522954043
3,3,2,2,2,3,2,2,2,2,2,2,2,2,2,3,3,2,3,3,3,1,-0.0253802927489491
3,3,2,2,2,3,2,2,2,2,2,2,2,2,2,3,3,2,3,3,3,3,-0.0243258739814818
3,3,2,2,2,2,2,2,2,2,2,2,2,2,2,2,3,2,3,3,3,2,-0.00263877353449135
5,3,2,2,2,2,2,2,2,2,2,2,2,2,2,2,3,2,3,3,3,2,0.0162841746992946
4,2,2,2,2,2,2,2,2,2,2,2,2,2,2,2,3,2,3,3,3,2,-0.00347428506710306
4,4,2,2,2,2,2,2,2,2,2,2,2,2,2,2,3,2,3,3,3,2,0.014050707524856
4,3,1,2,2,2,2,2,2,2,2,2,2,2,2,2,3,2,3,3,3,2,0.00608696608355221
4,3,3,2,2,2,2,2,2,2,2,2,2,2,2,2,3,2,3,3,3,2,-0.0199091049377126
4,3,2,1,2,2,2,2,2,2,2,2,2,2,2,2,3,2,3,3,3,2,0.0917037806375694
4,3,2,3,2,2,2,2,2,2,2,2,2,2,2,2,3,2,3,3,3,2,0.132232934863831
4,3,2,2,1,2,2,2,2,2,2,2,2,2,2,2,3,2,3,3,3,2,0.0153027407388555
4,3,2,2,3,2,2,2,2,2,2,2,2,2,2,2,3,2,3,3,3,2,-0.0357758890559916
4,3,2,2,2,1,2,2,2,2,2,2,2,2,2,2,3,2,3,3,3,2,0.0161287943597941
4,3,2,2,2,2,1,2,2,2,2,2,2,2,2,2,3,2,3,3,3,2,0.000939929119547863
4,3,2,2,2,2,3,2,2,2,2,2,2,2,2,2,3,2,3,3,3,2,0.00615018770157892
4,3,2,2,2,2,2,1,2,2,2,2,2,2,2,2,3,2,3,3,3,2,0.00822825835725188
4,3,2,2,2,2,2,2,1,2,2,2,2,2,2,2,3,2,3,3,3,2,0.00994987006092206
4,3,2,2,2,2,2,2,3,2,2,2,2,2,2,2,3,2,3,3,3,2,-0.0478614487246346
4,3,2,2,2,2,2,2,2,1,2,2,2,2,2,2,3,2,3,3,3,2,0.0591811698248665
4,3,2,2,2,2,2,2,2,3,2,2,2,2,2,2,3,2,3,3,3,2,0.00547904292552273
4,3,2,2,2,2,2,2,2,2,1,2,2,2,2,2,3,2,3,3,3,2,0.00185672203311846
4,3,2,2,2,2,2,2,2,2,2,1,2,2,2,2,3,2,3,3,3,2,0.0230015820944203
4,3,2,2,2,2,2,2,2,2,2,3,2,2,2,2,3,2,3,3,3,2,0.125311186971535
4,3,2,2,2,2,2,2,2,2,2,2,1,2,2,2,3,2,3,3,3,2,-0.0152507375160958
4,3,2,2,2,2,2,2,2,2,2,2,3,2,2,2,3,2,3,3,3,2,0.0454719322497698
4,3,2,2,2,2,2,2,2,2,2,2,2,1,2,2,3,2,3,3,3,2,0.019883609931292
4,3,2,2,2,2,2,2,2,2,2,2,2,3,2,2,3,2,3,3,3,2,-0.0500685865492324
4,3,2,2,2,2,2,2,2,2,2,2,2,2,1,2,3,2,3,3,3,2,-0.0994740964951607
4,3,2,2,2,2,2,2,2,2,2,2,2,2,2,1,3,2,3,3,3,2,0.03908800840939
4,3,2,2,2,2,2,2,2,2,2,2,2,2,2,2,2,2,3,3,3,2,-0.0158867466292085
4,3,2,2,2,2,2,2,2,2,2,2,2,2,2,2,4,2,3,3,3,2,-0.00359525807114124
4,3,2,2,2,2,2,2,2,2,2,2,2,2,2,2,3,1,3,3,3,2,-0.0601106055361753
4,3,2,2,2,2,2,2,2,2,2,2,2,2,2,2,3,3,3,3,3,2,-0.0181612956625692
4,3,2,2,2,2,2,2,2,2,2,2,2,2,2,2,3,2,2,3,3,2,0.0671467967781482
4,3,2,2,2,2,2,2,2,2,2,2,2,2,2,2,3,2,4,3,3,2,0.0278958951098785
4,3,2,2,2,2,2,2,2,2,2,2,2,2,2,2,3,2,3,2,3,2,0.0086662278336321
4,3,2,2,2,2,2,2,2,2,2,2,2,2,2,2,3,2,3,4,3,2,0.0460043322363151
4,3,2,2,2,2,2,2,2,2,2,2,2,2,2,2,3,2,3,3,2,2,0.0012916881073368
4,3,2,2,2,2,2,2,2,2,2,2,2,2,2,2,3,2,3,3,4,2,0.00153653575076132
4,3,2,2,2,2,2,2,2,2,2,2,2,2,2,2,3,2,3,3,3,1,0.010457042467629
4,3,2,2,2,2,2,2,2,2,2,2,2,2,2,2,3,2,3,3,3,3,0.012136466833928
3,3,2,2,2,3,2,2,2,2,2,2,2,2,3,2,3,2,3,3,3,2,-0.0361601663673785
5,3,2,2,2,3,2,2,2,2,2,2,2,2,3,2,3,2,3,3,3,2,0.0124151848799461
4,2,2,2,2,3,2,2,2,2,2,2,2,2,3,2,3,2,3,3,3,2,-0.012711765523175
4,4,2,2,2,3,2,2,2,2,2,2,2,2,3,2,3,2,3,3,3,2,0.00800033890654856
4,3,1,2,2,3,2,2,2,2,2,2,2,2,3,2,3,2,3,3,3,2,0.209594816559593
4,3,3,2,2,3,2,2,2,2,2,2,2,2,3,2,3,2,3,3,3,2,-0.0256868065568447
4,3,2,1,2,3,2,2,2,2,2,2,2,2,3,2,3,2,3,3,3,2,-0.0444535562689851
4,3,2,3,2,3,2,2,2,2,2,2,2,2,3,2,3,2,3,3,3,2,-0.0433297572271301
4,3,2,2,1,3,2,2,2,2,2,2,2,2,3,2,3,2,3,3,3,2,0.00780660990501298
4,3,2,2,3,3,2,2,2,2,2,2,2,2,3,2,3,2,3,3,3,2,-0.0412100135478908
4,3,2,2,2,4,2,2,2,2,2,2,2,2,3,2,3,2,3,3,3,2,-0.0742573604736762
4,3,2,2,2,3,1,2,2,2,2,2,2,2,3,2,3,2,3,3,3,2,-0.00789237551313474
4,3,2,2,2,3,3,2,2,2,2,2,2,2,3,2,3,2,3,3,3,2,-0.00010022010719942
4,3,2,2,2,3,2,1,2,2,2,2,2,2,3,2,3,2,3,3,3,2,-0.0615830924472602
4,3,2,2,2,3,2,2,1,2,2,2,2,2,3,2,3,2,3,3,3,2,0.00162594521836634
4,3,2,2,2,3,2,2,3,2,2,2,2,2,3,2,3,2,3,3,3,2,-0.0647392384053067
4,3,2,2,2,3,2,2,2,1,2,2,2,2,3,2,3,2,3,3,3,2,-0.000377811753493396
4,3,2,2,2,3,2,2,2,3,2,2,2,2,3,2,3,2,3,3,3,2,-0.00503469770449057
4,3,2,2,2,3,2,2,2,2,1,2,2,2,3,2,3,2,3,3,3,2,-0.0382761831296233
4,3,2,2,2,3,2,2,2,2,2,1,2,2,3,2,3,2,3,3,3,2,-0.00928770802886551
4,3,2,2,2,3,2,2,2,2,2,3,2,2,3,2,3,2,3,3,3,2,-0.0415743426801602
4,3,2,2,2,3,2,2,2,2,2,2,1,2,3,2,3,2,3,3,3,2,-0.0245881222508507
4,3,2,2,2,3,2,2,2,2,2,2,3,2,3,2,3,2,3,3,3,2,-0.0238472987276888
4,3,2,2,2,3,2,2,2,2,2,2,2,1,3,2,3,2,3,3,3,2,0.0280972462253319
4,3,2,2,2,3,2,2,2,2,2,2,2,3,3,2,3,2,3,3,3,2,0.148137449868022
4,3,2,2,2,3,2,2,2,2,2,2,2,2,4,2,3,2,3,3,3,2,0.0331475180433921
4,3,2,2,2,3,2,2,2,2,2,2,2,2,3,1,3,2,3,3,3,2,0.0412382425704264
4,3,2,2,2,3,2,2,2,2,2,2,2,2,3,2,2,2,3,3,3,2,-0.023250698282779
4,3,2,2,2,3,2,2,2,2,2,2,2,2,3,2,4,2,3,3,3,2,-0.00999472261599102
4,3,2,2,2,3,2,2,2,2,2,2,2,2,3,2,3,1,3,3,3,2,-0.0786935965604312
4,3,2,2,2,3,2,2,2,2,2,2,2,2,3,2,3,3,3,3,3,2,-0.0249419277978642
4,3,2,2,2,3,2,2,2,2,2,2,2,2,3,2,3,2,2,3,3,2,0.00784454996445476
4,3,2,2,2,3,2,2,2,2,2,2,2,2,3,2,3,2,4,3,3,2,0.0346077815726778
4,3,2,2,2,3,2,2,2,2,2,2,2,2,3,2,3,2,3,2,3,2,0.176285542860887
4,3,2,2,2,3,2,2,2,2,2,2,2,2,3,2,3,2,3,4,3,2,-0.00304513809580099
4,3,2,2,2,3,2,2,2,2,2,2,2,2,3,2,3,2,3,3,2,2,-0.0050863463587939
4,3,2,2,2,3,2,2,2,2,2,2,2,2,3,2,3,2,3,3,4,2,-0.00486972616162996
4,3,2,2,2,3,2,2,2,2,2,2,2,2,3,2,3,2,3,3,3,1,-0.00850336904175388
4,3,2,2,2,3,2,2,2,2,2,2,2,2,3,2,3,2,3,3,3,3,0.00708961739312594
3,3,2,2,2,3,2,2,2,2,3,2,2,2,3,2,3,2,3,3,3,2,-0.100896649272871
5,3,2,2,2,3,2,2,2,2,3,2,2,2,3,2,3,2,3,3,3,2,-0.0235970966583062
4,2,2,2,2,3,2,2,2,2,3,2,2,2,3,2,3,2,3,3,3,2,-0.0410914371895759
4,4,2,2,2,3,2,2,2,2,3,2,2,2,3,2,3,2,3,3,3,2,-0.0260137700868612
4,3,1,2,2,3,2,2,2,2,3,2,2,2,3,2,3,2,3,3,3,2,-0.0519407893179274
4,3,3,2,2,3,2,2,2,2,3,2,2,2,3,2,3,2,3,3,3,2,-0.0602128544072496
4,3,2,1,2,3,2,2,2,2,3,2,2,2,3,2,3,2,3,3,3,2,-0.0310393712913982
4,3,2,3,2,3,2,2,2,2,3,2,2,2,3,2,3,2,3,3,3,2,-0.0897893696013572
4,3,2,2,1,3,2,2,2,2,3,2,2,2,3,2,3,2,3,3,3,2,-0.0308959382746213
4,3,2,2,3,3,2,2,2,2,3,2,2,2,3,2,3,2,3,3,3,2,-0.0589548722334842
4,3,2,2,2,4,2,2,2,2,3,2,2,2,3,2,3,2,3,3,3,2,-0.0584735857258573
4,3,2,2,2,3,1,2,2,2,3,2,2,2,3,2,3,2,3,3,3,2,-0.0570153771171078
4,3,2,2,2,3,3,2,2,2,3,2,2,2,3,2,3,2,3,3,3,2,-0.0356616409482621
4,3,2,2,2,3,2,1,2,2,3,2,2,2,3,2,3,2,3,3,3,2,-0.00880934130020669
4,3,2,2,2,3,2,3,2,2,3,2,2,2,3,2,3,2,3,3,3,2,-0.0270443625722272
4,3,2,2,2,3,2,2,1,2,3,2,2,2,3,2,3,2,3,3,3,2,-0.0115391170373846
4,3,2,2,2,3,2,2,3,2,3,2,2,2,3,2,3,2,3,3,3,2,-0.177227057001625
4,3,2,2,2,3,2,2,2,1,3,2,2,2,3,2,3,2,3,3,3,2,-0.0312250863912718
4,3,2,2,2,3,2,2,2,3,3,2,2,2,3,2,3,2,3,3,3,2,-0.0291744551125163
4,3,2,2,2,3,2,2,2,2,4,2,2,2,3,2,3,2,3,3,3,2,-0.030791405075794
4,3,2,2,2,3,2,2,2,2,3,1,2,2,3,2,3,2,3,3,3,2,0.0366628406958152
4,3,2,2,2,3,2,2,2,2,3,3,2,2,3,2,3,2,3,3,3,2,-0.0673037674670076
4,3,2,2,2,3,2,2,2,2,3,2,1,2,3,2,3,2,3,3,3,2,-0.0287929845545249
4,3,2,2,2,3,2,2,2,2,3,2,3,2,3,2,3,2,3,3,3,2,0.0303650205315809
4,3,2,2,2,3,2,2,2,2,3,2,2,1,3,2,3,2,3,3,3,2,-0.0200823777245051
4,3,2,2,2,3,2,2,2,2,3,2,2,3,3,2,3,2,3,3,3,2,-0.0927171987494952
4,3,2,2,2,3,2,2,2,2,3,2,2,2,4,2,3,2,3,3,3,2,0.0949264343174351
4,3,2,2,2,3,2,2,2,2,3,2,2,2,3,1,3,2,3,3,3,2,0.0198336042211071
4,3,2,2,2,3,2,2,2,2,3,2,2,2,3,2,2,2,3,3,3,2,-0.0365571077139404
4,3,2,2,2,3,2,2,2,2,3,2,2,2,3,2,4,2,3,3,3,2,-0.0314912482650652
4,3,2,2,2,3,2,2,2,2,3,2,2,2,3,2,3,1,3,3,3,2,-0.0442935141493962
4,3,2,2,2,3,2,2,2,2,3,2,2,2,3,2,3,3,3,3,3,2,-0.0666576081244096
4,3,2,2,2,3,2,2,2,2,3,2,2,2,3,2,3,2,2,3,3,2,0.250837476392468
4,3,2,2,2,3,2,2,2,2,3,2,2,2,3,2,3,2,4,3,3,2,-0.00189590354418237
4,3,2,2,2,3,2,2,2,2,3,2,2,2,3,2,3,2,3,2,3,2,-0.0855717906266675
4,3,2,2,2,3,2,2,2,2,3,2,2,2,3,2,3,2,3,4,3,2,-0.0366151712864486
4,3,2,2,2,3,2,2,2,2,3,2,2,2,3,2,3,2,3,3,2,2,-0.0385326059712287
4,3,2,2,2,3,2,2,2,2,3,2,2,2,3,2,3,2,3,3,4,2,-0.0300466138394846
4,3,2,2,2,3,2,2,2,2,3,2,2,2,3,2,3,2,3,3,3,1,0.0375045538086263
4,3,2,2,2,3,2,2,2,2,3,2,2,2,3,2,3,2,3,3,3,3,-0.0239143160892934
5,3,2,2,2,3,2,2,2,2,2,2,2,2,2,3,3,1,3,3,3,2,0.000418985095243469
4,2,2,2,2,3,2,2,2,2,2,2,2,2,2,3,3,1,3,3,3,2,-0.0538474406386839
4,4,2,2,2,3,2,2,2,2,2,2,2,2,2,3,3,1,3,3,3,2,-0.00481715285443513
4,3,1,2,2,3,2,2,2,2,2,2,2,2,2,3,3,1,3,3,3,2,0.0251805191181111
4,3,3,2,2,3,2,2,2,2,2,2,2,2,2,3,3,1,3,3,3,2,0.252276203914761
4,3,2,1,2,3,2,2,2,2,2,2,2,2,2,3,3,1,3,3,3,2,-0.0239276779075669
4,3,2,3,2,3,2,2,2,2,2,2,2,2,2,3,3,1,3,3,3,2,-0.0514989851690585
4,3,2,2,1,3,2,2,2,2,2,2,2,2,2,3,3,1,3,3,3,2,0.0153918084091138
4,3,2,2,3,3,2,2,2,2,2,2,2,2,2,3,3,1,3,3,3,2,0.201587934144061
4,3,2,2,2,2,2,2,2,2,2,2,2,2,2,3,3,1,3,3,3,2,0.00487925442688494
4,3,2,2,2,4,2,2,2,2,2,2,2,2,2,3,3,1,3,3,3,2,-0.0682708160971533
4,3,2,2,2,3,1,2,2,2,2,2,2,2,2,3,3,1,3,3,3,2,-0.0389897592711592
4,3,2,2,2,3,3,2,2,2,2,2,2,2,2,3,3,1,3,3,3,2,-0.0269060325991607
4,3,2,2,2,3,2,1,2,2,2,2,2,2,2,3,3,1,3,3,3,2,0.110380639967908
4,3,2,2,2,3,2,2,1,2,2,2,2,2,2,3,3,1,3,3,3,2,-0.0114350536255143
4,3,2,2,2,3,2,2,2,1,2,2,2,2,2,3,3,1,3,3,3,2,-0.0109701916025168
4,3,2,2,2,3,2,2,2,3,2,2,2,2,2,3,3,1,3,3,3,2,-0.0195918219839845
4,3,2,2,2,3,2,2,2,2,1,2,2,2,2,3,3,1,3,3,3,2,-0.069848238019304
4,3,2,2,2,3,2,2,2,2,2,1,2,2,2,3,3,1,3,3,3,2,0.0144401972750182
4,3,2,2,2,3,2,2,2,2,2,3,2,2,2,3,3,1,3,3,3,2,0.281412839735388
4,3,2,2,2,3,2,2,2,2,2,2,1,2,2,3,3,1,3,3,3,2,-0.0243153105751662
4,3,2,2,2,3,2,2,2,2,2,2,3,2,2,3,3,1,3,3,3,2,-0.00895847252632943
4,3,2,2,2,3,2,2,2,2,2,2,2,1,2,3,3,1,3,3,3,2,-0.00328979310672726
4,3,2,2,2,3,2,2,2,2,2,2,2,3,2,3,3,1,3,3,3,2,-0.0338326709234699
4,3,2,2,2,3,2,2,2,2,2,2,2,2,1,3,3,1,3,3,3,2,-0.0735232596966696
4,3,2,2,2,3,2,2,2,2,2,2,2,2,3,3,3,1,3,3,3,2,0.0617756001508021
4,3,2,2,2,3,2,2,2,2,2,2,2,2,2,4,3,1,3,3,3,2,-0.00975929866352633
4,3,2,2,2,3,2,2,2,2,2,2,2,2,2,3,2,1,3,3,3,2,-0.0241109982420101
4,3,2,2,2,3,2,2,2,2,2,2,2,2,2,3,4,1,3,3,3,2,-0.0184331262154145
4,3,2,2,2,3,2,2,2,2,2,2,2,2,2,3,3,0,3,3,3,2,-0.0136525958519045
4,3,2,2,2,3,2,2,2,2,2,2,2,2,2,3,3,1,2,3,3,2,0.139046507267691
4,3,2,2,2,3,2,2,2,2,2,2,2,2,2,3,3,1,4,3,3,2,0.00293979504488898
4,3,2,2,2,3,2,2,2,2,2,2,2,2,2,3,3,1,3,2,3,2,-0.0668076389332358
4,3,2,2,2,3,2,2,2,2,2,2,2,2,2,3,3,1,3,4,3,2,-0.0115502494376462
4,3,2,2,2,3,2,2,2,2,2,2,2,2,2,3,3,1,3,3,2,2,-0.0420641394530874
4,3,2,2,2,3,2,2,2,2,2,2,2,2,2,3,3,1,3,3,4,2,-0.00996590463139791
4,3,2,2,2,3,2,2,2,2,2,2,2,2,2,3,3,1,3,3,3,1,-0.0117308634180117
4,3,2,2,2,3,2,2,2,2,2,2,2,2,2,3,3,1,3,3,3,3,-0.0112294334144614
3,3,2,2,2,3,2,2,2,2,3,2,2,2,2,3,3,1,3,3,3,2,-0.0366561840034247
5,3,2,2,2,3,2,2,2,2,3,2,2,2,2,3,3,1,3,3,3,2,-0.0111866503594656
4,2,2,2,2,3,2,2,2,2,3,2,2,2,2,3,3,1,3,3,3,2,-0.054071788944573
4,4,2,2,2,3,2,2,2,2,3,2,2,2,2,3,3,1,3,3,3,2,-0.00683053707439394
4,3,1,2,2,3,2,2,2,2,3,2,2,2,2,3,3,1,3,3,3,2,0.0084187606405517
4,3,3,2,2,3,2,2,2,2,3,2,2,2,2,3,3,1,3,3,3,2,-0.129044019064694
4,3,2,1,2,3,2,2,2,2,3,2,2,2,2,3,3,1,3,3,3,2,-0.0124996564745004
4,3,2,3,2,3,2,2,2,2,3,2,2,2,2,3,3,1,3,3,3,2,-0.0439393728154336
4,3,2,2,1,3,2,2,2,2,3,2,2,2,2,3,3,1,3,3,3,2,-0.015226431182025
4,3,2,2,3,3,2,2,2,2,3,2,2,2,2,3,3,1,3,3,3,2,0.0181378554760727
4,3,2,2,2,2,2,2,2,2,3,2,2,2,2,3,3,1,3,3,3,2,-0.00399809815416535
4,3,2,2,2,4,2,2,2,2,3,2,2,2,2,3,3,1,3,3,3,2,-0.0577179096128205
4,3,2,2,2,3,1,2,2,2,3,2,2,2,2,3,3,1,3,3,3,2,-0.0188002692963243
4,3,2,2,2,3,3,2,2,2,3,2,2,2,2,3,3,1,3,3,3,2,-0.0459535108661135
4,3,2,2,2,3,2,1,2,2,3,2,2,2,2,3,3,1,3,3,3,2,0.109444304515463
4,3,2,2,2,3,2,2,1,2,3,2,2,2,2,3,3,1,3,3,3,2,0.00919996796855048
4,3,2,2,2,3,2,2,2,1,3,2,2,2,2,3,3,1,3,3,3,2,-0.00909366386310859
4,3,2,2,2,3,2,2,2,3,3,2,2,2,2,3,3,1,3,3,3,2,0.0319947130332362
4,3,2,2,2,3,2,2,2,2,4,2,2,2,2,3,3,1,3,3,3,2,0.024328591206094
4,3,2,2,2,3,2,2,2,2,3,1,2,2,2,3,3,1,3,3,3,2,-0.0237912058257835
4,3,2,2,2,3,2,2,2,2,3,3,2,2,2,3,3,1,3,3,3,2,-0.118114124874366
4,3,2,2,2,3,2,2,2,2,3,2,1,2,2,3,3,1,3,3,3,2,-0.0147828981390323
4,3,2,2,2,3,2,2,2,2,3,2,3,2,2,3,3,1,3,3,3,2,-0.0438953027752032
4,3,2,2,2,3,2,2,2,2,3,2,2,1,2,3,3,1,3,3,3,2,-0.012847030649107
4,3,2,2,2,3,2,2,2,2,3,2,2,3,2,3,3,1,3,3,3,2,-0.0229067604344653
4,3,2,2,2,3,2,2,2,2,3,2,2,2,1,3,3,1,3,3,3,2,-0.0530833870513255
4,3,2,2,2,3,2,2,2,2,3,2,2,2,3,3,3,1,3,3,3,2,0.0562615182049111
4,3,2,2,2,3,2,2,2,2,3,2,2,2,2,4,3,1,3,3,3,2,-0.0264780706960088
4,3,2,2,2,3,2,2,2,2,3,2,2,2,2,3,2,1,3,3,3,2,-0.0217911994670912
4,3,2,2,2,3,2,2,2,2,3,2,2,2,2,3,4,1,3,3,3,2,-0.0103695207968751
4,3,2,2,2,3,2,2,2,2,3,2,2,2,2,3,3,0,3,3,3,2,0.00862938195131464
4,3,2,2,2,3,2,2,2,2,3,2,2,2,2,3,3,1,2,3,3,2,0.0261768560550304
4,3,2,2,2,3,2,2,2,2,3,2,2,2,2,3,3,1,4,3,3,2,-0.0350551340451836
4,3,2,2,2,3,2,2,2,2,3,2,2,2,2,3,3,1,3,2,3,2,-0.0242372412311908
4,3,2,2,2,3,2,2,2,2,3,2,2,2,2,3,3,1,3,4,3,2,-0.0532450791030602
4,3,2,2,2,3,2,2,2,2,3,2,2,2,2,3,3,1,3,3,2,2,-0.0537086964049961
4,3,2,2,2,3,2,2,2,2,3,2,2,2,2,3,3,1,3,3,4,2,-0.00891649346843334
4,3,2,2,2,3,2,2,2,2,3,2,2,2,2,3,3,1,3,3,3,1,-0.0260266335526122
4,3,2,2,2,3,2,2,2,2,3,2,2,2,2,3,3,1,3,3,3,3,-0.0176184102131102
3,3,2,2,2,3,2,2,2,2,3,2,2,2,2,2,3,2,2,3,3,2,-0.0513956286004322
5,3,2,2,2,3,2,2,2,2,3,2,2,2,2,2,3,2,2,3,3,2,0.0259740525062949
4,2,2,2,2,3,2,2,2,2,3,2,2,2,2,2,3,2,2,3,3,2,0.0151931316037994
4,4,2,2,2,3,2,2,2,2,3,2,2,2,2,2,3,2,2,3,3,2,0.0268485440001422
4,3,1,2,2,3,2,2,2,2,3,2,2,2,2,2,3,2,2,3,3,2,0.0448373815146424
4,3,3,2,2,3,2,2,2,2,3,2,2,2,2,2,3,2,2,3,3,2,-0.056566813587114
4,3,2,1,2,3,2,2,2,2,3,2,2,2,2,2,3,2,2,3,3,2,0.0107889614295479
4,3,2,3,2,3,2,2,2,2,3,2,2,2,2,2,3,2,2,3,3,2,-0.0394484937125758
4,3,2,2,1,3,2,2,2,2,3,2,2,2,2,2,3,2,2,3,3,2,0.02633057046316
4,3,2,2,3,3,2,2,2,2,3,2,2,2,2,2,3,2,2,3,3,2,-0.0028902430310593
4,3,2,2,2,2,2,2,2,2,3,2,2,2,2,2,3,2,2,3,3,2,-0.0161451822670398
4,3,2,2,2,4,2,2,2,2,3,2,2,2,2,2,3,2,2,3,3,2,-0.0236075896255408
4,3,2,2,2,3,1,2,2,2,3,2,2,2,2,2,3,2,2,3,3,2,-0.00880462527398607
4,3,2,2,2,3,3,2,2,2,3,2,2,2,2,2,3,2,2,3,3,2,0.0242931775661139
4,3,2,2,2,3,2,1,2,2,3,2,2,2,2,2,3,2,2,3,3,2,0.0408524350622997
4,3,2,2,2,3,2,3,2,2,3,2,2,2,2,2,3,2,2,3,3,2,-0.054316739762291
4,3,2,2,2,3,2,2,1,2,3,2,2,2,2,2,3,2,2,3,3,2,0.0325782041972465
4,3,2,2,2,3,2,2,3,2,3,2,2,2,2,2,3,2,2,3,3,2,-0.117774569582468
4,3,2,2,2,3,2,2,2,1,3,2,2,2,2,2,3,2,2,3,3,2,0.0243527688021431
4,3,2,2,2,3,2,2,2,3,3,2,2,2,2,2,3,2,2,3,3,2,0.0231481479071418
4,3,2,2,2,3,2,2,2,2,4,2,2,2,2,2,3,2,2,3,3,2,0.0551514347641876
4,3,2,2,2,3,2,2,2,2,3,1,2,2,2,2,3,2,2,3,3,2,0.0214098902570705
4,3,2,2,2,3,2,2,2,2,3,3,2,2,2,2,3,2,2,3,3,2,-0.0196448192873002
4,3,2,2,2,3,2,2,2,2,3,2,1,2,2,2,3,2,2,3,3,2,0.0114621397608793
4,3,2,2,2,3,2,2,2,2,3,2,3,2,2,2,3,2,2,3,3,2,0.0258503389077575
4,3,2,2,2,3,2,2,2,2,3,2,2,1,2,2,3,2,2,3,3,2,0.0338522949740302
4,3,2,2,2,3,2,2,2,2,3,2,2,3,2,2,3,2,2,3,3,2,-0.0170006509555549
4,3,2,2,2,3,2,2,2,2,3,2,2,2,1,2,3,2,2,3,3,2,-0.00047144173956309
4,3,2,2,2,3,2,2,2,2,3,2,2,2,2,1,3,2,2,3,3,2,-0.0281251562648215
4,3,2,2,2,3,2,2,2,2,3,2,2,2,2,2,2,2,2,3,3,2,0.0181019372743185
4,3,2,2,2,3,2,2,2,2,3,2,2,2,2,2,4,2,2,3,3,2,0.0262187864672555
4,3,2,2,2,3,2,2,2,2,3,2,2,2,2,2,3,1,2,3,3,2,-0.0146921586058871
4,3,2,2,2,3,2,2,2,2,3,2,2,2,2,2,3,3,2,3,3,2,-0.000751049842213729
4,3,2,2,2,3,2,2,2,2,3,2,2,2,2,2,3,2,1,3,3,2,-0.00315821148692569
4,3,2,2,2,3,2,2,2,2,3,2,2,2,2,2,3,2,2,2,3,2,-0.0349033406869428
4,3,2,2,2,3,2,2,2,2,3,2,2,2,2,2,3,2,2,4,3,2,0.127829243705981
4,3,2,2,2,3,2,2,2,2,3,2,2,2,2,2,3,2,2,3,2,2,0.0237373279473156
4,3,2,2,2,3,2,2,2,2,3,2,2,2,2,2,3,2,2,3,4,2,0.0219822607933173
4,3,2,2,2,3,2,2,2,2,3,2,2,2,2,2,3,2,2,3,3,1,0.0209128166257146
4,3,2,2,2,3,2,2,2,2,3,2,2,2,2,2,3,2,2,3,3,3,0.0253908736810394
3,3,2,2,2,3,2,3,2,2,3,2,2,2,2,2,3,2,3,3,3,2,0.174969927023048
5,3,2,2,2,3,2,3,2,2,3,2,2,2,2,2,3,2,3,3,3,2,0.0592951760990676
4,2,2,2,2,3,2,3,2,2,3,2,2,2,2,2,3,2,3,3,3,2,0.0134576039883857
4,4,2,2,2,3,2,3,2,2,3,2,2,2,2,2,3,2,3,3,3,2,0.044219381342613
4,3,1,2,2,3,2,3,2,2,3,2,2,2,2,2,3,2,3,3,3,2,0.0515112938967734
4,3,3,2,2,3,2,3,2,2,3,2,2,2,2,2,3,2,3,3,3,2,0.19563553666785
4,3,2,1,2,3,2,3,2,2,3,2,2,2,2,2,3,2,3,3,3,2,0.0384306699968745
4,3,2,3,2,3,2,3,2,2,3,2,2,2,2,2,3,2,3,3,3,2,0.199709411008596
4,3,2,2,1,3,2,3,2,2,3,2,2,2,2,2,3,2,3,3,3,2,0.0410884778610232
4,3,2,2,3,3,2,3,2,2,3,2,2,2,2,2,3,2,3,3,3,2,0.170508484047526
4,3,2,2,2,2,2,3,2,2,3,2,2,2,2,2,3,2,3,3,3,2,-0.0781056735775035
4,3,2,2,2,4,2,3,2,2,3,2,2,2,2,2,3,2,3,3,3,2,0.0270257468639896
4,3,2,2,2,3,1,3,2,2,3,2,2,2,2,2,3,2,3,3,3,2,0.00760499025038435
4,3,2,2,2,3,3,3,2,2,3,2,2,2,2,2,3,2,3,3,3,2,0.0421918809155346
4,3,2,2,2,3,2,4,2,2,3,2,2,2,2,2,3,2,3,3,3,2,-0.0643968967162899
4,3,2,2,2,3,2,3,1,2,3,2,2,2,2,2,3,2,3,3,3,2,0.026331482289743
4,3,2,2,2,3,2,3,3,2,3,2,2,2,2,2,3,2,3,3,3,2,-0.0910312082518047
4,3,2,2,2,3,2,3,2,1,3,2,2,2,2,2,3,2,3,3,3,2,0.0413945204685811
4,3,2,2,2,3,2,3,2,3,3,2,2,2,2,2,3,2,3,3,3,2,0.0413427879618131
4,3,2,2,2,3,2,3,2,2,4,2,2,2,2,2,3,2,3,3,3,2,-0.00685456037241872
4,3,2,2,2,3,2,3,2,2,3,1,2,2,2,2,3,2,3,3,3,2,0.040172376472197
4,3,2,2,2,3,2,3,2,2,3,3,2,2,2,2,3,2,3,3,3,2,-0.0391835624260378
4,3,2,2,2,3,2,3,2,2,3,2,1,2,2,2,3,2,3,3,3,2,0.0346227214053497
4,3,2,2,2,3,2,3,2,2,3,2,3,2,2,2,3,2,3,3,3,2,0.0390501128225737
4,3,2,2,2,3,2,3,2,2,3,2,2,1,2,2,3,2,3,3,3,2,0.0343558873421651
4,3,2,2,2,3,2,3,2,2,3,2,2,3,2,2,3,2,3,3,3,2,0.190422109843173
4,3,2,2,2,3,2,3,2,2,3,2,2,2,1,2,3,2,3,3,3,2,0.00261219194049569
4,3,2,2,2,3,2,3,2,2,3,2,2,2,2,1,3,2,3,3,3,2,0.0614902542570705
4,3,2,2,2,3,2,3,2,2,3,2,2,2,2,2,2,2,3,3,3,2,-0.0292820613853456
4,3,2,2,2,3,2,3,2,2,3,2,2,2,2,2,4,2,3,3,3,2,0.0501040483138808
4,3,2,2,2,3,2,3,2,2,3,2,2,2,2,2,3,1,3,3,3,2,0.178975471179398
4,3,2,2,2,3,2,3,2,2,3,2,2,2,2,2,3,3,3,3,3,2,0.0410489618752039
4,3,2,2,2,3,2,3,2,2,3,2,2,2,2,2,3,2,4,3,3,2,0.0242578155250478
4,3,2,2,2,3,2,3,2,2,3,2,2,2,2,2,3,2,3,2,3,2,0.0871331773243609
4,3,2,2,2,3,2,3,2,2,3,2,2,2,2,2,3,2,3,4,3,2,-0.0206088860745938
4,3,2,2,2,3,2,3,2,2,3,2,2,2,2,2,3,2,3,3,2,2,0.0164701060088857
4,3,2,2,2,3,2,3,2,2,3,2,2,2,2,2,3,2,3,3,4,2,0.0215583866947157
4,3,2,2,2,3,2,3,2,2,3,2,2,2,2,2,3,2,3,3,3,1,0.0338750754699525
4,3,2,2,2,3,2,3,2,2,3,2,2,2,2,2,3,2,3,3,3,3,0.0191013974902129
3,3,2,2,2,3,2,2,2,2,3,2,2,2,2,3,3,2,2,3,3,2,0.048319916048275
5,3,2,2,2,3,2,2,2,2,3,2,2,2,2,3,3,2,2,3,3,2,-0.0238168416268847
4,2,2,2,2,3,2,2,2,2,3,2,2,2,2,3,3,2,2,3,3,2,-0.10238910149623
4,4,2,2,2,3,2,2,2,2,3,2,2,2,2,3,3,2,2,3,3,2,-0.0474218864241151
4,3,1,2,2,3,2,2,2,2,3,2,2,2,2,3,3,2,2,3,3,2,-0.0315758516457031
4,3,3,2,2,3,2,2,2,2,3,2,2,2,2,3,3,2,2,3,3,2,-0.14769124358594
4,3,2,1,2,3,2,2,2,2,3,2,2,2,2,3,3,2,2,3,3,2,-0.0222646607742164
4,3,2,3,2,3,2,2,2,2,3,2,2,2,2,3,3,2,2,3,3,2,-0.0765789319379449
4,3,2,2,1,3,2,2,2,2,3,2,2,2,2,3,3,2,2,3,3,2,-0.0744563023509454
4,3,2,2,3,3,2,2,2,2,3,2,2,2,2,3,3,2,2,3,3,2,-0.115537978442485
4,3,2,2,2,2,2,2,2,2,3,2,2,2,2,3,3,2,2,3,3,2,-0.0189890182462953
4,3,2,2,2,4,2,2,2,2,3,2,2,2,2,3,3,2,2,3,3,2,-0.112434275941521
4,3,2,2,2,3,1,2,2,2,3,2,2,2,2,3,3,2,2,3,3,2,-0.0619039007780869
4,3,2,2,2,3,3,2,2,2,3,2,2,2,2,3,3,2,2,3,3,2,-0.0891625649092362
4,3,2,2,2,3,2,1,2,2,3,2,2,2,2,3,3,2,2,3,3,2,-0.0729907632851646
4,3,2,2,2,3,2,2,1,2,3,2,2,2,2,3,3,2,2,3,3,2,-0.0367725033523991
4,3,2,2,2,3,2,2,2,1,3,2,2,2,2,3,3,2,2,3,3,2,-0.0541270158265628
4,3,2,2,2,3,2,2,2,3,3,2,2,2,2,3,3,2,2,3,3,2,-0.054453141601085
4,3,2,2,2,3,2,2,2,2,4,2,2,2,2,3,3,2,2,3,3,2,-0.0150337951599622
4,3,2,2,2,3,2,2,2,2,3,1,2,2,2,3,3,2,2,3,3,2,-0.0740441575682891
4,3,2,2,2,3,2,2,2,2,3,3,2,2,2,3,3,2,2,3,3,2,-0.102291124069943
4,3,2,2,2,3,2,2,2,2,3,2,1,2,2,3,3,2,2,3,3,2,-0.0578439201927384
4,3,2,2,2,3,2,2,2,2,3,2,3,2,2,3,3,2,2,3,3,2,-0.0804113758621747
4,3,2,2,2,3,2,2,2,2,3,2,2,1,2,3,3,2,2,3,3,2,-0.0556439218767729
4,3,2,2,2,3,2,2,2,2,3,2,2,3,2,3,3,2,2,3,3,2,-0.061869527891534
4,3,2,2,2,3,2,2,2,2,3,2,2,2,1,3,3,2,2,3,3,2,-0.0848217943742016
4,3,2,2,2,3,2,2,2,2,3,2,2,2,3,3,3,2,2,3,3,2,-0.0429330673335942
4,3,2,2,2,3,2,2,2,2,3,2,2,2,2,4,3,2,2,3,3,2,-0.0399799013682809
4,3,2,2,2,3,2,2,2,2,3,2,2,2,2,3,2,2,2,3,3,2,-0.0633054758201134
4,3,2,2,2,3,2,2,2,2,3,2,2,2,2,3,4,2,2,3,3,2,-0.0542910386626273
4,3,2,2,2,3,2,2,2,2,3,2,2,2,2,3,3,3,2,3,3,2,-0.163669322815577
4,3,2,2,2,3,2,2,2,2,3,2,2,2,2,3,3,2,1,3,3,2,0.0219214122767473
4,3,2,2,2,3,2,2,2,2,3,2,2,2,2,3,3,2,2,2,3,2,-0.0868361979168705
4,3,2,2,2,3,2,2,2,2,3,2,2,2,2,3,3,2,2,4,3,2,-0.100956630631246
4,3,2,2,2,3,2,2,2,2,3,2,2,2,2,3,3,2,2,3,2,2,-0.0984779276443024
4,3,2,2,2,3,2,2,2,2,3,2,2,2,2,3,3,2,2,3,4,2,-0.0498359744920175
4,3,2,2,2,3,2,2,2,2,3,2,2,2,2,3,3,2,2,3,3,1,-0.0674685897812488
4,3,2,2,2,3,2,2,2,2,3,2,2,2,2,3,3,2,2,3,3,3,-0.0585667611330948
3,3,2,2,2,2,2,2,2,2,3,2,2,2,2,2,3,2,3,3,3,2,-0.0479450069192593
5,3,2,2,2,2,2,2,2,2,3,2,2,2,2,2,3,2,3,3,3,2,0.0157423408398927
4,2,2,2,2,2,2,2,2,2,3,2,2,2,2,2,3,2,3,3,3,2,0.00198116562987959
4,4,2,2,2,2,2,2,2,2,3,2,2,2,2,2,3,2,3,3,3,2,0.0151482924556782
4,3,1,2,2,2,2,2,2,2,3,2,2,2,2,2,3,2,3,3,3,2,0.0219116350865303
4,3,3,2,2,2,2,2,2,2,3,2,2,2,2,2,3,2,3,3,3,2,-0.014155496103581
4,3,2,1,2,2,2,2,2,2,3,2,2,2,2,2,3,2,3,3,3,2,-0.00612208840981269
4,3,2,3,2,2,2,2,2,2,3,2,2,2,2,2,3,2,3,3,3,2,-0.0735178741942345
4,3,2,2,1,2,2,2,2,2,3,2,2,2,2,2,3,2,3,3,3,2,0.0111660535842589
4,3,2,2,3,2,2,2,2,2,3,2,2,2,2,2,3,2,3,3,3,2,-0.0181292581454513
4,3,2,2,2,1,2,2,2,2,3,2,2,2,2,2,3,2,3,3,3,2,0.00961973822862675
4,3,2,2,2,2,1,2,2,2,3,2,2,2,2,2,3,2,3,3,3,2,-0.0142494322931384
4,3,2,2,2,2,3,2,2,2,3,2,2,2,2,2,3,2,3,3,3,2,0.00570232453767816
4,3,2,2,2,2,2,1,2,2,3,2,2,2,2,2,3,2,3,3,3,2,0.0170823660322878
4,3,2,2,2,2,2,2,1,2,3,2,2,2,2,2,3,2,3,3,3,2,0.0300194255234218
4,3,2,2,2,2,2,2,3,2,3,2,2,2,2,2,3,2,3,3,3,2,-0.12436032333871
4,3,2,2,2,2,2,2,2,1,3,2,2,2,2,2,3,2,3,3,3,2,0.00120445924687127
4,3,2,2,2,2,2,2,2,3,3,2,2,2,2,2,3,2,3,3,3,2,0.0135324774370032
4,3,2,2,2,2,2,2,2,2,4,2,2,2,2,2,3,2,3,3,3,2,0.0213208689290044
4,3,2,2,2,2,2,2,2,2,3,1,2,2,2,2,3,2,3,3,3,2,0.0102811989519285
4,3,2,2,2,2,2,2,2,2,3,3,2,2,2,2,3,2,3,3,3,2,-0.0579082994291596
4,3,2,2,2,2,2,2,2,2,3,2,1,2,2,2,3,2,3,3,3,2,0.00895972508731976
4,3,2,2,2,2,2,2,2,2,3,2,3,2,2,2,3,2,3,3,3,2,-0.0110690970443763
4,3,2,2,2,2,2,2,2,2,3,2,2,1,2,2,3,2,3,3,3,2,0.0169295422978198
4,3,2,2,2,2,2,2,2,2,3,2,2,3,2,2,3,2,3,3,3,2,-0.014872815158999
4,3,2,2,2,2,2,2,2,2,3,2,2,2,1,2,3,2,3,3,3,2,-0.0454830148798194
4,3,2,2,2,2,2,2,2,2,3,2,2,2,2,1,3,2,3,3,3,2,0.044280107659654
4,3,2,2,2,2,2,2,2,2,3,2,2,2,2,2,2,2,3,3,3,2,0.0054414630108722
4,3,2,2,2,2,2,2,2,2,3,2,2,2,2,2,4,2,3,3,3,2,0.00989613375710384
4,3,2,2,2,2,2,2,2,2,3,2,2,2,2,2,3,1,3,3,3,2,0.00902681996403618
4,3,2,2,2,2,2,2,2,2,3,2,2,2,2,2,3,3,3,3,3,2,-0.0238254347964854
4,3,2,2,2,2,2,2,2,2,3,2,2,2,2,2,3,2,4,3,3,2,0.013077025021591
4,3,2,2,2,2,2,2,2,2,3,2,2,2,2,2,3,2,3,2,3,2,0.188815032089644
4,3,2,2,2,2,2,2,2,2,3,2,2,2,2,2,3,2,3,4,3,2,0.00403926206549784
4,3,2,2,2,2,2,2,2,2,3,2,2,2,2,2,3,2,3,3,2,2,0.00286322156503463
4,3,2,2,2,2,2,2,2,2,3,2,2,2,2,2,3,2,3,3,4,2,0.0113671844786405
4,3,2,2,2,2,2,2,2,2,3,2,2,2,2,2,3,2,3,3,3,1,0.00674223595702494
4,3,2,2,2,2,2,2,2,2,3,2,2,2,2,2,3,2,3,3,3,3,0.0123187907905206
2,3,2,2,2,3,2,2,2,2,3,2,2,2,2,3,3,2,3,3,3,2,0.0811429591821462
3,2,2,2,2,3,2,2,2,2,3,2,2,2,2,3,3,2,3,3,3,2,-0.0482601778409489
3,4,2,2,2,3,2,2,2,2,3,2,2,2,2,3,3,2,3,3,3,2,-0.00474384842833061
3,3,1,2,2,3,2,2,2,2,3,2,2,2,2,3,3,2,3,3,3,2,0.00440191497000774
3,3,3,2,2,3,2,2,2,2,3,2,2,2,2,3,3,2,3,3,3,2,-0.0700275100551497
3,3,2,1,2,3,2,2,2,2,3,2,2,2,2,3,3,2,3,3,3,2,-0.0094556816401937
3,3,2,3,2,3,2,2,2,2,3,2,2,2,2,3,3,2,3,3,3,2,-0.0389546673753637
3,3,2,2,1,3,2,2,2,2,3,2,2,2,2,3,3,2,3,3,3,2,-0.0213132135048999
3,3,2,2,3,3,2,2,2,2,3,2,2,2,2,3,3,2,3,3,3,2,0.0364864495734515
3,3,2,2,2,2,2,2,2,2,3,2,2,2,2,3,3,2,3,3,3,2,0.0125780412471755
3,3,2,2,2,4,2,2,2,2,3,2,2,2,2,3,3,2,3,3,3,2,-0.0580475664137595
3,3,2,2,2,3,1,2,2,2,3,2,2,2,2,3,3,2,3,3,3,2,-0.00868106005124959
3,3,2,2,2,3,3,2,2,2,3,2,2,2,2,3,3,2,3,3,3,2,-0.0963389743898592
3,3,2,2,2,3,2,1,2,2,3,2,2,2,2,3,3,2,3,3,3,2,-0.0604387768878621
3,3,2,2,2,3,2,2,1,2,3,2,2,2,2,3,3,2,3,3,3,2,0.0103121105272875
3,3,2,2,2,3,2,2,2,1,3,2,2,2,2,3,3,2,3,3,3,2,-0.0109787928033655
3,3,2,2,2,3,2,2,2,3,3,2,2,2,2,3,3,2,3,3,3,2,-0.00886384829208214
3,3,2,2,2,3,2,2,2,2,4,2,2,2,2,3,3,2,3,3,3,2,0.0132533941880905
3,3,2,2,2,3,2,2,2,2,3,1,2,2,2,3,3,2,3,3,3,2,-0.0284017182891012
3,3,2,2,2,3,2,2,2,2,3,3,2,2,2,3,3,2,3,3,3,2,-0.0526694229608311
3,3,2,2,2,3,2,2,2,2,3,2,1,2,2,3,3,2,3,3,3,2,-0.0114849089475105
3,3,2,2,2,3,2,2,2,2,3,2,3,2,2,3,3,2,3,3,3,2,-0.0396651154527448
3,3,2,2,2,3,2,2,2,2,3,2,2,1,2,3,3,2,3,3,3,2,-0.00956437622936014
3,3,2,2,2,3,2,2,2,2,3,2,2,3,2,3,3,2,3,3,3,2,-0.0182722328623318
3,3,2,2,2,3,2,2,2,2,3,2,2,2,1,3,3,2,3,3,3,2,-0.00300765884236317
3,3,2,2,2,3,2,2,2,2,3,2,2,2,3,3,3,2,3,3,3,2,0.0739143593776521
3,3,2,2,2,3,2,2,2,2,3,2,2,2,2,4,3,2,3,3,3,2,-0.0195456828768546
3,3,2,2,2,3,2,2,2,2,3,2,2,2,2,3,2,2,3,3,3,2,-0.0109966929686644
3,3,2,2,2,3,2,2,2,2,3,2,2,2,2,3,4,2,3,3,3,2,-0.0488006188098144
3,3,2,2,2,3,2,2,2,2,3,2,2,2,2,3,3,3,3,3,3,2,-0.135020086266968
3,3,2,2,2,3,2,2,2,2,3,2,2,2,2,3,3,2,4,3,3,2,-0.0393750833394955
3,3,2,2,2,3,2,2,2,2,3,2,2,2,2,3,3,2,3,2,3,2,-0.0631967337308903
3,3,2,2,2,3,2,2,2,2,3,2,2,2,2,3,3,2,3,4,3,2,-0.0416534837839756
3,3,2,2,2,3,2,2,2,2,3,2,2,2,2,3,3,2,3,3,2,2,-0.0482736730860122
3,3,2,2,2,3,2,2,2,2,3,2,2,2,2,3,3,2,3,3,4,2,-0.00627326133121603
3,3,2,2,2,3,2,2,2,2,3,2,2,2,2,3,3,2,3,3,3,1,-0.0228564443521896
3,3,2,2,2,3,2,2,2,2,3,2,2,2,2,3,3,2,3,3,3,3,-0.0132398847450198
3,3,2,2,2,3,2,3,2,2,3,2,2,2,2,3,3,3,3,3,3,2,-0.00805640367675929
5,3,2,2,2,3,2,3,2,2,3,2,2,2,2,3,3,3,3,3,3,2,0.0148039315955818
4,2,2,2,2,3,2,3,2,2,3,2,2,2,2,3,3,3,3,3,3,2,-0.0242002136155177
4,4,2,2,2,3,2,3,2,2,3,2,2,2,2,3,3,3,3,3,3,2,0.032084903384396
4,3,1,2,2,3,2,3,2,2,3,2,2,2,2,3,3,3,3,3,3,2,0.0431739441936914
4,3,3,2,2,3,2,3,2,2,3,2,2,2,2,3,3,3,3,3,3,2,-0.0194204918027161
4,3,2,1,2,3,2,3,2,2,3,2,2,2,2,3,3,3,3,3,3,2,0.0243958181116239
4,3,2,3,2,3,2,3,2,2,3,2,2,2,2,3,3,3,3,3,3,2,-0.00927125743874428
4,3,2,2,1,3,2,3,2,2,3,2,2,2,2,3,3,3,3,3,3,2,0.0168457837396292
4,3,2,2,3,3,2,3,2,2,3,2,2,2,2,3,3,3,3,3,3,2,-0.0322876343989895
4,3,2,2,2,2,2,3,2,2,3,2,2,2,2,3,3,3,3,3,3,2,0.037511064203196
4,3,2,2,2,4,2,3,2,2,3,2,2,2,2,3,3,3,3,3,3,2,-0.0092263574376197
4,3,2,2,2,3,1,3,2,2,3,2,2,2,2,3,3,3,3,3,3,2,0.021321957132963
4,3,2,2,2,3,3,3,2,2,3,2,2,2,2,3,3,3,3,3,3,2,0.0102084316395379
4,3,2,2,2,3,2,4,2,2,3,2,2,2,2,3,3,3,3,3,3,2,-0.016698603283214
4,3,2,2,2,3,2,3,1,2,3,2,2,2,2,3,3,3,3,3,3,2,0.0482951692711739
4,3,2,2,2,3,2,3,3,2,3,2,2,2,2,3,3,3,3,3,3,2,-0.152888201847342
4,3,2,2,2,3,2,3,2,1,3,2,2,2,2,3,3,3,3,3,3,2,0.0219130589978023
4,3,2,2,2,3,2,3,2,3,3,2,2,2,2,3,3,3,3,3,3,2,0.0258768155945417
4,3,2,2,2,3,2,3,2,2,4,2,2,2,2,3,3,3,3,3,3,2,0.0424953671966826
4,3,2,2,2,3,2,3,2,2,3,1,2,2,2,3,3,3,3,3,3,2,0.0136686353292417
4,3,2,2,2,3,2,3,2,2,3,3,2,2,2,3,3,3,3,3,3,2,0.00331487397988284
4,3,2,2,2,3,2,3,2,2,3,2,1,2,2,3,3,3,3,3,3,2,0.0162082670114881
4,3,2,2,2,3,2,3,2,2,3,2,3,2,2,3,3,3,3,3,3,2,0.0204194772035088
4,3,2,2,2,3,2,3,2,2,3,2,2,1,2,3,3,3,3,3,3,2,0.00856879536416334
4,3,2,2,2,3,2,3,2,2,3,2,2,3,2,3,3,3,3,3,3,2,0.00622858408823276
4,3,2,2,2,3,2,3,2,2,3,2,2,2,1,3,3,3,3,3,3,2,-0.0120454681504809
4,3,2,2,2,3,2,3,2,2,3,2,2,2,3,3,3,3,3,3,3,2,0.0741326722320811
4,3,2,2,2,3,2,3,2,2,3,2,2,2,2,4,3,3,3,3,3,2,-0.0136913905100649
4,3,2,2,2,3,2,3,2,2,3,2,2,2,2,3,2,3,3,3,3,2,-0.0174831082859449
4,3,2,2,2,3,2,3,2,2,3,2,2,2,2,3,4,3,3,3,3,2,0.0283513650707812
4,3,2,2,2,3,2,3,2,2,3,2,2,2,2,3,3,4,3,3,3,2,-0.0473172433866212
4,3,2,2,2,3,2,3,2,2,3,2,2,2,2,3,3,3,2,3,3,2,0.108630148704382
4,3,2,2,2,3,2,3,2,2,3,2,2,2,2,3,3,3,4,3,3,2,0.00551019669775554
4,3,2,2,2,3,2,3,2,2,3,2,2,2,2,3,3,3,3,2,3,2,0.00871987605826719
4,3,2,2,2,3,2,3,2,2,3,2,2,2,2,3,3,3,3,4,3,2,-0.0402771080754819
4,3,2,2,2,3,2,3,2,2,3,2,2,2,2,3,3,3,3,3,2,2,-0.0220273954653356
4,3,2,2,2,3,2,3,2,2,3,2,2,2,2,3,3,3,3,3,4,2,0.0264374986646523
4,3,2,2,2,3,2,3,2,2,3,2,2,2,2,3,3,3,3,3,3,1,0.020409395288438
4,3,2,2,2,3,2,3,2,2,3,2,2,2,2,3,3,3,3,3,3,3,-0.000888115037607835
2,3,2,2,2,2,2,2,2,2,2,2,2,2,3,2,3,2,3,3,3,2,-0.0294086676586079
3,2,2,2,2,2,2,2,2,2,2,2,2,2,3,2,3,2,3,3,3,2,-0.00722540280440731
3,4,2,2,2,2,2,2,2,2,2,2,2,2,3,2,3,2,3,3,3,2,0.00500687838222042
3,3,1,2,2,2,2,2,2,2,2,2,2,2,3,2,3,2,3,3,3,2,0.00824970335262985
3,3,3,2,2,2,2,2,2,2,2,2,2,2,3,2,3,2,3,3,3,2,-0.021346291228567
3,3,2,1,2,2,2,2,2,2,2,2,2,2,3,2,3,2,3,3,3,2,-0.0125705066899562
3,3,2,3,2,2,2,2,2,2,2,2,2,2,3,2,3,2,3,3,3,2,-0.0106508576542322
3,3,2,2,1,2,2,2,2,2,2,2,2,2,3,2,3,2,3,3,3,2,0.00806541503374952
3,3,2,2,3,2,2,2,2,2,2,2,2,2,3,2,3,2,3,3,3,2,-0.0111651788843454
3,3,2,2,2,1,2,2,2,2,2,2,2,2,3,2,3,2,3,3,3,2,0.0324572434007067
3,3,2,2,2,2,1,2,2,2,2,2,2,2,3,2,3,2,3,3,3,2,0.00597408074795238
3,3,2,2,2,2,3,2,2,2,2,2,2,2,3,2,3,2,3,3,3,2,-0.0141498081440782
3,3,2,2,2,2,2,1,2,2,2,2,2,2,3,2,3,2,3,3,3,2,-0.0213096893190635
3,3,2,2,2,2,2,3,2,2,2,2,2,2,3,2,3,2,3,3,3,2,-0.0522067544143272
3,3,2,2,2,2,2,2,1,2,2,2,2,2,3,2,3,2,3,3,3,2,0.0149316623718955
3,3,2,2,2,2,2,2,3,2,2,2,2,2,3,2,3,2,3,3,3,2,-0.0256509338662884
3,3,2,2,2,2,2,2,2,1,2,2,2,2,3,2,3,2,3,3,3,2,0.0976897461118373
3,3,2,2,2,2,2,2,2,3,2,2,2,2,3,2,3,2,3,3,3,2,0.0124512966605008
3,3,2,2,2,2,2,2,2,2,1,2,2,2,3,2,3,2,3,3,3,2,-0.00521594089281992
3,3,2,2,2,2,2,2,2,2,3,2,2,2,3,2,3,2,3,3,3,2,0.0128963551069512
3,3,2,2,2,2,2,2,2,2,2,1,2,2,3,2,3,2,3,3,3,2,0.00207282042363572
3,3,2,2,2,2,2,2,2,2,2,3,2,2,3,2,3,2,3,3,3,2,-0.0282468998284813
3,3,2,2,2,2,2,2,2,2,2,2,1,2,3,2,3,2,3,3,3,2,-0.00386403004764447
3,3,2,2,2,2,2,2,2,2,2,2,3,2,3,2,3,2,3,3,3,2,0.0276997835104586
3,3,2,2,2,2,2,2,2,2,2,2,2,1,3,2,3,2,3,3,3,2,0.0125147675595628
3,3,2,2,2,2,2,2,2,2,2,2,2,3,3,2,3,2,3,3,3,2,-0.0274447336707845
3,3,2,2,2,2,2,2,2,2,2,2,2,2,4,2,3,2,3,3,3,2,0.0693884869771608
3,3,2,2,2,2,2,2,2,2,2,2,2,2,3,1,3,2,3,3,3,2,0.0266184113265625
3,3,2,2,2,2,2,2,2,2,2,2,2,2,3,3,3,2,3,3,3,2,-0.0730513941098865
3,3,2,2,2,2,2,2,2,2,2,2,2,2,3,2,2,2,3,3,3,2,-0.0166380635682087
3,3,2,2,2,2,2,2,2,2,2,2,2,2,3,2,4,2,3,3,3,2,-0.0208563866082024
3,3,2,2,2,2,2,2,2,2,2,2,2,2,3,2,3,1,3,3,3,2,-0.00563547704111554
3,3,2,2,2,2,2,2,2,2,2,2,2,2,3,2,3,3,3,3,3,2,-0.0239700020400352
3,3,2,2,2,2,2,2,2,2,2,2,2,2,3,2,3,2,2,3,3,2,-0.11464900813978
3,3,2,2,2,2,2,2,2,2,2,2,2,2,3,2,3,2,4,3,3,2,0.0172961534799404
3,3,2,2,2,2,2,2,2,2,2,2,2,2,3,2,3,2,3,2,3,2,-0.0390451832929807
3,3,2,2,2,2,2,2,2,2,2,2,2,2,3,2,3,2,3,4,3,2,0.00593671781439472
3,3,2,2,2,2,2,2,2,2,2,2,2,2,3,2,3,2,3,3,2,2,-0.00253648450533739
3,3,2,2,2,2,2,2,2,2,2,2,2,2,3,2,3,2,3,3,4,2,-0.00530349397656013
3,3,2,2,2,2,2,2,2,2,2,2,2,2,3,2,3,2,3,3,3,1,5.12811221903536e-06
3,3,2,2,2,2,2,2,2,2,2,2,2,2,3,2,3,2,3,3,3,3,0.00181383616081337
3,3,2,2,2,5,3,2,2,2,2,3,5,3,5,2,3,3,3,4,3,2,-0.0198678493703634
5,3,2,2,2,5,3,2,2,2,2,3,5,3,5,2,3,3,3,4,3,2,0.000594606388003178
4,2,2,2,2,5,3,2,2,2,2,3,5,3,5,2,3,3,3,4,3,2,-0.0177109352248148
4,4,2,2,2,5,3,2,2,2,2,3,5,3,5,2,3,3,3,4,3,2,-0.00139230775778447
4,3,1,2,2,5,3,2,2,2,2,3,5,3,5,2,3,3,3,4,3,2,0.0254025984730197
4,3,3,2,2,5,3,2,2,2,2,3,5,3,5,2,3,3,3,4,3,2,-0.0445703525184647
4,3,2,1,2,5,3,2,2,2,2,3,5,3,5,2,3,3,3,4,3,2,-0.00657520855602024
4,3,2,3,2,5,3,2,2,2,2,3,5,3,5,2,3,3,3,4,3,2,-0.0125063345945114
4,3,2,2,1,5,3,2,2,2,2,3,5,3,5,2,3,3,3,4,3,2,0.00403579189880019
4,3,2,2,3,5,3,2,2,2,2,3,5,3,5,2,3,3,3,4,3,2,-0.0231032047590204
4,3,2,2,2,4,3,2,2,2,2,3,5,3,5,2,3,3,3,4,3,2,0.0239954811619663
4,3,2,2,2,6,3,2,2,2,2,3,5,3,5,2,3,3,3,4,3,2,-0.042876819129923
4,3,2,2,2,5,2,2,2,2,2,3,5,3,5,2,3,3,3,4,3,2,-0.00526532452218307
4,3,2,2,2,5,4,2,2,2,2,3,5,3,5,2,3,3,3,4,3,2,-0.0137285709945223
4,3,2,2,2,5,3,1,2,2,2,3,5,3,5,2,3,3,3,4,3,2,0.0178379389899021
4,3,2,2,2,5,3,3,2,2,2,3,5,3,5,2,3,3,3,4,3,2,-0.0371165561157211
4,3,2,2,2,5,3,2,1,2,2,3,5,3,5,2,3,3,3,4,3,2,0.021757696447236
4,3,2,2,2,5,3,2,3,2,2,3,5,3,5,2,3,3,3,4,3,2,-0.0410384072891388
4,3,2,2,2,5,3,2,2,1,2,3,5,3,5,2,3,3,3,4,3,2,-0.0119277256310688
4,3,2,2,2,5,3,2,2,3,2,3,5,3,5,2,3,3,3,4,3,2,-0.00706481527754234
4,3,2,2,2,5,3,2,2,2,1,3,5,3,5,2,3,3,3,4,3,2,-0.0145867097895697
4,3,2,2,2,5,3,2,2,2,3,3,5,3,5,2,3,3,3,4,3,2,-0.00430710581628001
4,3,2,2,2,5,3,2,2,2,2,2,5,3,5,2,3,3,3,4,3,2,0.0049110464084722
4,3,2,2,2,5,3,2,2,2,2,4,5,3,5,2,3,3,3,4,3,2,-0.0240066804665261
4,3,2,2,2,5,3,2,2,2,2,3,4,3,5,2,3,3,3,4,3,2,0.159664410137159
4,3,2,2,2,5,3,2,2,2,2,3,6,3,5,2,3,3,3,4,3,2,0.0303540526638306
4,3,2,2,2,5,3,2,2,2,2,3,5,2,5,2,3,3,3,4,3,2,0.0106357960208934
4,3,2,2,2,5,3,2,2,2,2,3,5,4,5,2,3,3,3,4,3,2,-0.0295195152104932
4,3,2,2,2,5,3,2,2,2,2,3,5,3,4,2,3,3,3,4,3,2,-0.0475366502348652
4,3,2,2,2,5,3,2,2,2,2,3,5,3,6,2,3,3,3,4,3,2,0.0286974637747475
4,3,2,2,2,5,3,2,2,2,2,3,5,3,5,1,3,3,3,4,3,2,0.0173691962166357
4,3,2,2,2,5,3,2,2,2,2,3,5,3,5,3,3,3,3,4,3,2,-0.0366685592882844
4,3,2,2,2,5,3,2,2,2,2,3,5,3,5,2,2,3,3,4,3,2,-0.0152223932918501
4,3,2,2,2,5,3,2,2,2,2,3,5,3,5,2,4,3,3,4,3,2,-0.00391469496356796
4,3,2,2,2,5,3,2,2,2,2,3,5,3,5,2,3,2,3,4,3,2,0.0193100590374286
4,3,2,2,2,5,3,2,2,2,2,3,5,3,5,2,3,4,3,4,3,2,-0.0385030454134849
4,3,2,2,2,5,3,2,2,2,2,3,5,3,5,2,3,3,2,4,3,2,0.267039673492645
4,3,2,2,2,5,3,2,2,2,2,3,5,3,5,2,3,3,4,4,3,2,0.0351472856878372
4,3,2,2,2,5,3,2,2,2,2,3,5,3,5,2,3,3,3,3,3,2,-0.0249622107965506
4,3,2,2,2,5,3,2,2,2,2,3,5,3,5,2,3,3,3,5,3,2,0.00577854328952104
4,3,2,2,2,5,3,2,2,2,2,3,5,3,5,2,3,3,3,4,2,2,-0.0101039455220458
4,3,2,2,2,5,3,2,2,2,2,3,5,3,5,2,3,3,3,4,4,2,-0.00898625439809461
4,3,2,2,2,5,3,2,2,2,2,3,5,3,5,2,3,3,3,4,3,1,-0.00948809547894204
4,3,2,2,2,5,3,2,2,2,2,3,5,3,5,2,3,3,3,4,3,3,-0.00951891265520382
0.0242933684604376,-0.00924240695814619,-0.00735876105114747,0.0317358138357874,0.00267330652713266,0.0122687778305861,0.0293595150653583,0.00342243118888467,0.0246886297981406,0.0282295208697126,-0.00219269461247035,-0.00443322272859759,0.01258685517981,-0.0143671240477767,0.0172453729000862,-0.0351914934693163,0.0237723024499223,-0.00510717957172866,0.0256204155829524,-0.00552774184858929,-0.014214191090349,-0.000497561846311607,5.60877478136215e-05
