4,3,3,2,2,4,2,2,2,2,2,2,2,2,2,2,3,2,2,2,3,2,0.00461732181977872
4,3,2,2,2,3,2,2,3,2,3,2,2,2,2,3,3,2,3,3,3,2,0.00756619415650476
4,3,2,2,2,3,2,2,3,2,2,2,2,2,2,3,3,2,3,3,3,2,-0.000576643887977759
4,3,2,2,2,3,2,2,2,2,2,2,2,2,2,3,3,2,3,3,3,2,0.00484705561258417
4,3,2,2,2,3,2,2,2,2,3,2,2,2,2,3,3,2,3,3,3,2,0.00179088689849598
4,3,2,2,2,3,2,3,2,2,3,2,2,2,2,3,3,2,3,3,3,2,0.00250780934231587
4,3,3,2,2,4,2,2,2,2,2,2,3,2,2,2,3,2,2,2,3,2,0.000252073261548226
4,3,2,2,2,3,2,3,2,2,2,2,2,2,2,3,3,2,3,3,3,2,0.00308895417315842
4,3,2,2,2,3,2,2,2,2,2,2,2,2,2,2,3,2,3,3,3,2,0.000418787476015059
4,3,2,2,2,4,2,2,2,2,2,2,2,2,2,2,3,2,2,2,3,2,-0.000562165352902008
4,3,2,2,2,3,2,2,2,2,3,2,2,2,2,2,3,2,3,3,3,2,-0.000219913380140708
4,3,2,2,2,3,2,3,2,2,2,2,2,2,2,2,3,2,3,3,3,2,0.000302716465996923
4,3,2,2,2,2,2,2,2,2,2,2,2,2,3,2,3,2,3,3,3,2,-0.000236866489327091
3,3,2,2,2,3,2,2,2,2,2,2,2,2,2,3,3,2,3,3,3,2,0.00268081495857233
4,3,2,2,2,2,2,2,2,2,2,2,2,2,2,2,3,2,3,3,3,2,0.0018336177112676
4,3,2,2,2,3,2,2,2,2,2,2,2,2,3,2,3,2,3,3,3,2,-0.00106136310990165
4,3,2,2,2,3,2,2,2,2,3,2,2,2,3,2,3,2,3,3,3,2,-0.00293042495836348
4,3,2,2,2,3,2,2,2,2,2,2,2,2,2,3,3,1,3,3,3,2,0.00299422001228749
4,3,2,2,2,3,2,2,2,2,3,2,2,2,2,3,3,1,3,3,3,2,0.000880857396235572
4,3,2,2,2,3,2,2,2,2,3,2,2,2,2,2,3,2,2,3,3,2,0.000822864945033512
4,3,2,2,2,3,2,3,2,2,3,2,2,2,2,2,3,2,3,3,3,2,0.00264520186579598
4,3,2,2,2,3,2,2,2,2,3,2,2,2,2,3,3,2,2,3,3,2,-0.00386871379814271
4,3,2,2,2,2,2,2,2,2,3,2,2,2,2,2,3,2,3,3,3,2,0.00090931696796713
3,3,2,2,2,3,2,2,2,2,3,2,2,2,2,3,3,2,3,3,3,2,0.000934320893863768
4,3,2,2,2,3,2,3,2,2,3,2,2,2,2,3,3,3,3,3,3,2,0.00268051982387866
3,3,2,2,2,2,2,2,2,2,2,2,2,2,3,2,3,2,3,3,3,2,0.000371288837048233
4,3,2,2,2,5,3,2,2,2,2,3,5,3,5,2,3,3,3,4,3,2,0.00118227176781241
3,3,3,2,2,4,2,2,2,2,2,2,2,2,2,2,3,2,2,2,3,2,0.00445449720924067
5,3,3,2,2,4,2,2,2,2,2,2,2,2,2,2,3,2,2,2,3,2,0.00163765352856847
4,2,3,2,2,4,2,2,2,2,2,2,2,2,2,2,3,2,2,2,3,2,0.00193812365980889
4,4,3,2,2,4,2,2,2,2,2,2,2,2,2,2,3,2,2,2,3,2,0.00200184286767528
4,3,4,2,2,4,2,2,2,2,2,2,2,2,2,2,3,2,2,2,3,2,0.00238177208555561
4,3,3,1,2,4,2,2,2,2,2,2,2,2,2,2,3,2,2,2,3,2,0.00357062079266392
4,3,3,3,2,4,2,2,2,2,2,2,2,2,2,2,3,2,2,2,3,2,0.00222119416466474
4,3,3,2,1,4,2,2,2,2,2,2,2,2,2,2,3,2,2,2,3,2,0.00358945706330424
4,3,3,2,3,4,2,2,2,2,2,2,2,2,2,2,3,2,2,2,3,2,0.00182717724733353
4,3,3,2,2,3,2,2,2,2,2,2,2,2,2,2,3,2,2,2,3,2,0.00599260725539139
4,3,3,2,2,5,2,2,2,2,2,2,2,2,2,2,3,2,2,2,3,2,-0.000440477527616031
4,3,3,2,2,4,1,2,2,2,2,2,2,2,2,2,3,2,2,2,3,2,0.00248213842493294
4,3,3,2,2,4,3,2,2,2,2,2,2,2,2,2,3,2,2,2,3,2,0.00191714218920677
4,3,3,2,2,4,2,1,2,2,2,2,2,2,2,2,3,2,2,2,3,2,0.0072685763615635
4,3,3,2,2,4,2,3,2,2,2,2,2,2,2,2,3,2,2,2,3,2,-7.90634574340722e-05
4,3,3,2,2,4,2,2,1,2,2,2,2,2,2,2,3,2,2,2,3,2,0.00802078269817862
4,3,3,2,2,4,2,2,3,2,2,2,2,2,2,2,3,2,2,2,3,2,-0.000777824593872536
4,3,3,2,2,4,2,2,2,1,2,2,2,2,2,2,3,2,2,2,3,2,0.00151979401692348
4,3,3,2,2,4,2,2,2,3,2,2,2,2,2,2,3,2,2,2,3,2,0.00137789204529166
4,3,3,2,2,4,2,2,2,2,1,2,2,2,2,2,3,2,2,2,3,2,0.00345169065117369
4,3,3,2,2,4,2,2,2,2,3,2,2,2,2,2,3,2,2,2,3,2,0.00132555403004948
4,3,3,2,2,4,2,2,2,2,2,1,2,2,2,2,3,2,2,2,3,2,0.00344772774528359
4,3,3,2,2,4,2,2,2,2,2,3,2,2,2,2,3,2,2,2,3,2,0.00252089106878283
4,3,3,2,2,4,2,2,2,2,2,2,1,2,2,2,3,2,2,2,3,2,0.00356728738414307
4,3,3,2,2,4,2,2,2,2,2,2,2,1,2,2,3,2,2,2,3,2,0.000857541100494608
4,3,3,2,2,4,2,2,2,2,2,2,2,3,2,2,3,2,2,2,3,2,0.00329156394694717
4,3,3,2,2,4,2,2,2,2,2,2,2,2,1,2,3,2,2,2,3,2,-0.00123209526331187
4,3,3,2,2,4,2,2,2,2,2,2,2,2,3,2,3,2,2,2,3,2,0.00560851771508475
4,3,3,2,2,4,2,2,2,2,2,2,2,2,2,1,3,2,2,2,3,2,0.00166627893371824
4,3,3,2,2,4,2,2,2,2,2,2,2,2,2,3,3,2,2,2,3,2,0.00481406144026125
4,3,3,2,2,4,2,2,2,2,2,2,2,2,2,2,2,2,2,2,3,2,0.00212600181513647
4,3,3,2,2,4,2,2,2,2,2,2,2,2,2,2,4,2,2,2,3,2,0.00193203158647377
4,3,3,2,2,4,2,2,2,2,2,2,2,2,2,2,3,1,2,2,3,2,0.00252176250157117
4,3,3,2,2,4,2,2,2,2,2,2,2,2,2,2,3,3,2,2,3,2,0.00400026536639446
4,3,3,2,2,4,2,2,2,2,2,2,2,2,2,2,3,2,1,2,3,2,0.00685259302002554
4,3,3,2,2,4,2,2,2,2,2,2,2,2,2,2,3,2,3,2,3,2,-0.00177591386284126
4,3,3,2,2,4,2,2,2,2,2,2,2,2,2,2,3,2,2,1,3,2,0.0019717123442702
4,3,3,2,2,4,2,2,2,2,2,2,2,2,2,2,3,2,2,3,3,2,0.00377366223543775
4,3,3,2,2,4,2,2,2,2,2,2,2,2,2,2,3,2,2,2,2,2,0.00136501407320311
4,3,3,2,2,4,2,2,2,2,2,2,2,2,2,2,3,2,2,2,4,2,0.00252082228365556
4,3,3,2,2,4,2,2,2,2,2,2,2,2,2,2,3,2,2,2,3,1,0.0015541059805275
4,3,3,2,2,4,2,2,2,2,2,2,2,2,2,2,3,2,2,2,3,3,0.00153134884278362
3,3,2,2,2,3,2,2,3,2,3,2,2,2,2,3,3,2,3,3,3,2,0.00431123465657672
5,3,2,2,2,3,2,2,3,2,3,2,2,2,2,3,3,2,3,3,3,2,0.00511762601822589
4,2,2,2,2,3,2,2,3,2,3,2,2,2,2,3,3,2,3,3,3,2,0.00332614969725714
4,4,2,2,2,3,2,2,3,2,3,2,2,2,2,3,3,2,3,3,3,2,0.00329618412472936
4,3,1,2,2,3,2,2,3,2,3,2,2,2,2,3,3,2,3,3,3,2,0.00401191296447798
4,3,3,2,2,3,2,2,3,2,3,2,2,2,2,3,3,2,3,3,3,2,0.00254916455374242
4,3,2,1,2,3,2,2,3,2,3,2,2,2,2,3,3,2,3,3,3,2,0.00441808712832227
4,3,2,3,2,3,2,2,3,2,3,2,2,2,2,3,3,2,3,3,3,2,0.0050526892027413
4,3,2,2,1,3,2,2,3,2,3,2,2,2,2,3,3,2,3,3,3,2,0.0040324655215037
4,3,2,2,3,3,2,2,3,2,3,2,2,2,2,3,3,2,3,3,3,2,0.00486122227175379
4,3,2,2,2,2,2,2,3,2,3,2,2,2,2,3,3,2,3,3,3,2,0.00370245640209669
4,3,2,2,2,4,2,2,3,2,3,2,2,2,2,3,3,2,3,3,3,2,0.00506813732230641
4,3,2,2,2,3,1,2,3,2,3,2,2,2,2,3,3,2,3,3,3,2,0.00380750691055884
4,3,2,2,2,3,3,2,3,2,3,2,2,2,2,3,3,2,3,3,3,2,0.0035403116134035
4,3,2,2,2,3,2,1,3,2,3,2,2,2,2,3,3,2,3,3,3,2,0.00612750100534118
4,3,2,2,2,3,2,3,3,2,3,2,2,2,2,3,3,2,3,3,3,2,0.0057835778893716
4,3,2,2,2,3,2,2,4,2,3,2,2,2,2,3,3,2,3,3,3,2,0.00690642187877197
4,3,2,2,2,3,2,2,3,1,3,2,2,2,2,3,3,2,3,3,3,2,0.00247620241474143
4,3,2,2,2,3,2,2,3,3,3,2,2,2,2,3,3,2,3,3,3,2,0.00254293541355239
4,3,2,2,2,3,2,2,3,2,4,2,2,2,2,3,3,2,3,3,3,2,0.00806243961847643
4,3,2,2,2,3,2,2,3,2,3,1,2,2,2,3,3,2,3,3,3,2,0.00501445422640606
4,3,2,2,2,3,2,2,3,2,3,3,2,2,2,3,3,2,3,3,3,2,0.00473937036225647
4,3,2,2,2,3,2,2,3,2,3,2,1,2,2,3,3,2,3,3,3,2,0.00332816699873195
4,3,2,2,2,3,2,2,3,2,3,2,3,2,2,3,3,2,3,3,3,2,0.00462645364758915
4,3,2,2,2,3,2,2,3,2,3,2,2,1,2,3,3,2,3,3,3,2,0.00426993299407858
4,3,2,2,2,3,2,2,3,2,3,2,2,3,2,3,3,2,3,3,3,2,0.00264258562184584
4,3,2,2,2,3,2,2,3,2,3,2,2,2,1,3,3,2,3,3,3,2,0.00179244537261374
4,3,2,2,2,3,2,2,3,2,3,2,2,2,3,3,3,2,3,3,3,2,0.00537905128426721
4,3,2,2,2,3,2,2,3,2,3,2,2,2,2,2,3,2,3,3,3,2,0.00482133026842855
4,3,2,2,2,3,2,2,3,2,3,2,2,2,2,4,3,2,3,3,3,2,0.00197281418295145
4,3,2,2,2,3,2,2,3,2,3,2,2,2,2,3,2,2,3,3,3,2,0.00335636018044224
4,3,2,2,2,3,2,2,3,2,3,2,2,2,2,3,4,2,3,3,3,2,0.00344757959684521
4,3,2,2,2,3,2,2,3,2,3,2,2,2,2,3,3,1,3,3,3,2,0.00402966212008561
4,3,2,2,2,3,2,2,3,2,3,2,2,2,2,3,3,3,3,3,3,2,0.00629379368256513
4,3,2,2,2,3,2,2,3,2,3,2,2,2,2,3,3,2,2,3,3,2,0.00155482210143635
4,3,2,2,2,3,2,2,3,2,3,2,2,2,2,3,3,2,4,3,3,2,0.00614461560918043
4,3,2,2,2,3,2,2,3,2,3,2,2,2,2,3,3,2,3,2,3,2,0.00543801652895037
4,3,2,2,2,3,2,2,3,2,3,2,2,2,2,3,3,2,3,4,3,2,0.00453281758007723
4,3,2,2,2,3,2,2,3,2,3,2,2,2,2,3,3,2,3,3,2,2,0.00354131048378094
4,3,2,2,2,3,2,2,3,2,3,2,2,2,2,3,3,2,3,3,4,2,0.00299776237767088
4,3,2,2,2,3,2,2,3,2,3,2,2,2,2,3,3,2,3,3,3,1,0.0026486272212504
4,3,2,2,2,3,2,2,3,2,3,2,2,2,2,3,3,2,3,3,3,3,0.00265932934207742
3,3,2,2,2,3,2,2,3,2,2,2,2,2,2,3,3,2,3,3,3,2,-0.00194924039050113
5,3,2,2,2,3,2,2,3,2,2,2,2,2,2,3,3,2,3,3,3,2,-0.000784820145901989
4,2,2,2,2,3,2,2,3,2,2,2,2,2,2,3,3,2,3,3,3,2,-0.00277529372918189
4,4,2,2,2,3,2,2,3,2,2,2,2,2,2,3,3,2,3,3,3,2,-0.00279601796814469
4,3,1,2,2,3,2,2,3,2,2,2,2,2,2,3,3,2,3,3,3,2,-0.00237912806727593
4,3,3,2,2,3,2,2,3,2,2,2,2,2,2,3,3,2,3,3,3,2,-0.00309926984919275
4,3,2,1,2,3,2,2,3,2,2,2,2,2,2,3,3,2,3,3,3,2,-0.00159618923505519
4,3,2,3,2,3,2,2,3,2,2,2,2,2,2,3,3,2,3,3,3,2,-0.0011572974026234
4,3,2,2,1,3,2,2,3,2,2,2,2,2,2,3,3,2,3,3,3,2,-0.00194877083377105
4,3,2,2,3,3,2,2,3,2,2,2,2,2,2,3,3,2,3,3,3,2,-0.00137560131003356
4,3,2,2,2,2,2,2,3,2,2,2,2,2,2,3,3,2,3,3,3,2,-0.00200799555887763
4,3,2,2,2,4,2,2,3,2,2,2,2,2,2,3,3,2,3,3,3,2,-0.00151826472300936
4,3,2,2,2,3,1,2,3,2,2,2,2,2,2,3,3,2,3,3,3,2,-0.002303764017054
4,3,2,2,2,3,3,2,3,2,2,2,2,2,2,3,3,2,3,3,3,2,-0.00255313773414487
4,3,2,2,2,3,2,1,3,2,2,2,2,2,2,3,3,2,3,3,3,2,0.00100375625821748
4,3,2,2,2,3,2,3,3,2,2,2,2,2,2,3,3,2,3,3,3,2,-0.00164794474583142
4,3,2,2,2,3,2,2,4,2,2,2,2,2,2,3,3,2,3,3,3,2,-0.00456676754341092
4,3,2,2,2,3,2,2,3,1,2,2,2,2,2,3,3,2,3,3,3,2,-0.00360171392339305
4,3,2,2,2,3,2,2,3,3,2,2,2,2,2,3,3,2,3,3,3,2,-0.00355556127228705
4,3,2,2,2,3,2,2,3,2,1,2,2,2,2,3,3,2,3,3,3,2,-0.00786556693927606
4,3,2,2,2,3,2,2,3,2,2,1,2,2,2,3,3,2,3,3,3,2,-0.00108615159211467
4,3,2,2,2,3,2,2,3,2,2,3,2,2,2,3,3,2,3,3,3,2,-0.00139004942411724
4,3,2,2,2,3,2,2,3,2,2,2,1,2,2,3,3,2,3,3,3,2,-0.00273544613584701
4,3,2,2,2,3,2,2,3,2,2,2,3,2,2,3,3,2,3,3,3,2,-0.00157471092517207
4,3,2,2,2,3,2,2,3,2,2,2,2,1,2,3,3,2,3,3,3,2,-0.00205413643297933
4,3,2,2,2,3,2,2,3,2,2,2,2,3,2,3,3,2,3,3,3,2,-0.00322978293703992
4,3,2,2,2,3,2,2,3,2,2,2,2,2,1,3,3,2,3,3,3,2,-0.00504140729596543
4,3,2,2,2,3,2,2,3,2,2,2,2,2,3,3,3,2,3,3,3,2,0.000150741408045615
4,3,2,2,2,3,2,2,3,2,2,2,2,2,2,2,3,2,3,3,3,2,-0.00278316935076082
4,3,2,2,2,3,2,2,3,2,2,2,2,2,2,4,3,2,3,3,3,2,-0.00313467204930789
4,3,2,2,2,3,2,2,3,2,2,2,2,2,2,3,2,2,3,3,3,2,-0.00272737264636195
4,3,2,2,2,3,2,2,3,2,2,2,2,2,2,3,4,2,3,3,3,2,-0.00266428514880669
4,3,2,2,2,3,2,2,3,2,2,2,2,2,2,3,3,1,3,3,3,2,-0.00189574194691026
4,3,2,2,2,3,2,2,3,2,2,2,2,2,2,3,3,3,3,3,3,2,3.73799274898704e-06
4,3,2,2,2,3,2,2,3,2,2,2,2,2,2,3,3,2,2,3,3,2,-0.000281553422365406
4,3,2,2,2,3,2,2,3,2,2,2,2,2,2,3,3,2,4,3,3,2,-0.00324500528165076
4,3,2,2,2,3,2,2,3,2,2,2,2,2,2,3,3,2,3,2,3,2,-0.000728447190401855
4,3,2,2,2,3,2,2,3,2,2,2,2,2,2,3,3,2,3,4,3,2,-0.00153385699777267
4,3,2,2,2,3,2,2,3,2,2,2,2,2,2,3,3,2,3,3,2,2,-0.00263887947008366
4,3,2,2,2,3,2,2,3,2,2,2,2,2,2,3,3,2,3,3,4,2,-0.00301479822913267
4,3,2,2,2,3,2,2,3,2,2,2,2,2,2,3,3,2,3,3,3,1,-0.00343948126547179
4,3,2,2,2,3,2,2,3,2,2,2,2,2,2,3,3,2,3,3,3,3,-0.00343207966120662
5,3,2,2,2,3,2,2,2,2,2,2,2,2,2,3,3,2,3,3,3,2,0.00309781083568219
4,2,2,2,2,3,2,2,2,2,2,2,2,2,2,3,3,2,3,3,3,2,0.00112897899652385
4,4,2,2,2,3,2,2,2,2,2,2,2,2,2,3,3,2,3,3,3,2,0.00109763041798245
4,3,1,2,2,3,2,2,2,2,2,2,2,2,2,3,3,2,3,3,3,2,0.00113571297809973
4,3,3,2,2,3,2,2,2,2,2,2,2,2,2,3,3,2,3,3,3,2,0.00123974360064748
4,3,2,1,2,3,2,2,2,2,2,2,2,2,2,3,3,2,3,3,3,2,0.00248592508949613
4,3,2,3,2,3,2,2,2,2,2,2,2,2,2,3,3,2,3,3,3,2,0.0031498160581749
4,3,2,2,1,3,2,2,2,2,2,2,2,2,2,3,3,2,3,3,3,2,0.00203902581999155
4,3,2,2,3,3,2,2,2,2,2,2,2,2,2,3,3,2,3,3,3,2,0.00290603231729371
4,3,2,2,2,2,2,2,2,2,2,2,2,2,2,3,3,2,3,3,3,2,0.00219582897672254
4,3,2,2,2,4,2,2,2,2,2,2,2,2,2,3,3,2,3,3,3,2,0.00272547809514213
4,3,2,2,2,3,1,2,2,2,2,2,2,2,2,3,3,2,3,3,3,2,0.00162837353248047
4,3,2,2,2,3,3,2,2,2,2,2,2,2,2,3,3,2,3,3,3,2,0.00146627059879658
4,3,2,2,2,3,2,1,2,2,2,2,2,2,2,3,3,2,3,3,3,2,0.0051569220360161
4,3,2,2,2,3,2,2,1,2,2,2,2,2,2,3,3,2,3,3,3,2,0.00785786020103203
4,3,2,2,2,3,2,2,2,1,2,2,2,2,2,3,3,2,3,3,3,2,0.000119013185030722
4,3,2,2,2,3,2,2,2,3,2,2,2,2,2,3,3,2,3,3,3,2,0.000188826122947791
4,3,2,2,2,3,2,2,2,2,1,2,2,2,2,3,3,2,3,3,3,2,0.00221826044219973
4,3,2,2,2,3,2,2,2,2,2,1,2,2,2,3,3,2,3,3,3,2,0.00311543740132997
4,3,2,2,2,3,2,2,2,2,2,3,2,2,2,3,3,2,3,3,3,2,0.00285730557054812
4,3,2,2,2,3,2,2,2,2,2,2,1,2,2,3,3,2,3,3,3,2,0.00113098091893525
4,3,2,2,2,3,2,2,2,2,2,2,3,2,2,3,3,2,3,3,3,2,0.00269184805684137
4,3,2,2,2,3,2,2,2,2,2,2,2,1,2,3,3,2,3,3,3,2,0.0020608552849285
4,3,2,2,2,3,2,2,2,2,2,2,2,3,2,3,3,2,3,3,3,2,0.000503980250139493
4,3,2,2,2,3,2,2,2,2,2,2,2,2,1,3,3,2,3,3,3,2,-0.000587032165103805
4,3,2,2,2,3,2,2,2,2,2,2,2,2,3,3,3,2,3,3,3,2,0.00358722600853454
4,3,2,2,2,3,2,2,2,2,2,2,2,2,2,4,3,2,3,3,3,2,0.00125968085737112
4,3,2,2,2,3,2,2,2,2,2,2,2,2,2,3,2,2,3,3,3,2,0.00117426665983372
4,3,2,2,2,3,2,2,2,2,2,2,2,2,2,3,4,2,3,3,3,2,0.00126969614101458
4,3,2,2,2,3,2,2,2,2,2,2,2,2,2,3,3,3,3,3,3,2,0.00367853821005587
4,3,2,2,2,3,2,2,2,2,2,2,2,2,2,3,3,2,2,3,3,2,0.00384193056773858
4,3,2,2,2,3,2,2,2,2,2,2,2,2,2,3,3,2,4,3,3,2,0.000688341124307862
4,3,2,2,2,3,2,2,2,2,2,2,2,2,2,3,3,2,3,2,3,2,0.00388440504228408
4,3,2,2,2,3,2,2,2,2,2,2,2,2,2,3,3,2,3,4,3,2,0.00249681766280868
4,3,2,2,2,3,2,2,2,2,2,2,2,2,2,3,3,2,3,3,2,2,0.00134779694270655
4,3,2,2,2,3,2,2,2,2,2,2,2,2,2,3,3,2,3,3,4,2,0.000779162371161314
4,3,2,2,2,3,2,2,2,2,2,2,2,2,2,3,3,2,3,3,3,1,0.000321156623906764
4,3,2,2,2,3,2,2,2,2,2,2,2,2,2,3,3,2,3,3,3,3,0.000332352681482397
5,3,2,2,2,3,2,2,2,2,3,2,2,2,2,3,3,2,3,3,3,2,0.00110291462379525
4,2,2,2,2,3,2,2,2,2,3,2,2,2,2,3,3,2,3,3,3,2,-0.000674829788581718
4,4,2,2,2,3,2,2,2,2,3,2,2,2,2,3,3,2,3,3,3,2,-0.000717184026335687
4,3,1,2,2,3,2,2,2,2,3,2,2,2,2,3,3,2,3,3,3,2,-0.000342621507427333
4,3,3,2,2,3,2,2,2,2,3,2,2,2,2,3,3,2,3,3,3,2,-0.00112895785415185
4,3,2,1,2,3,2,2,2,2,3,2,2,2,2,3,3,2,3,3,3,2,0.000590670526295464
4,3,2,3,2,3,2,2,2,2,3,2,2,2,2,3,3,2,3,3,3,2,0.00148763610618617
4,3,2,2,1,3,2,2,2,2,3,2,2,2,2,3,3,2,3,3,3,2,0.000101918650760005
4,3,2,2,3,3,2,2,2,2,3,2,2,2,2,3,3,2,3,3,3,2,0.00127330826488492
4,3,2,2,2,2,2,2,2,2,3,2,2,2,2,3,3,2,3,3,3,2,-0.000219242357463614
4,3,2,2,2,4,2,2,2,2,3,2,2,2,2,3,3,2,3,3,3,2,0.00152105861958527
4,3,2,2,2,3,1,2,2,2,3,2,2,2,2,3,3,2,3,3,3,2,-0.000152009100661659
4,3,2,2,2,3,3,2,2,2,3,2,2,2,2,3,3,2,3,3,3,2,-0.000352560318770718
4,3,2,2,2,3,2,1,2,2,3,2,2,2,2,3,3,2,3,3,3,2,0.00236783199609189
4,3,2,2,2,3,2,2,1,2,3,2,2,2,2,3,3,2,3,3,3,2,-0.000360315519514181
4,3,2,2,2,3,2,2,2,1,3,2,2,2,2,3,3,2,3,3,3,2,-0.00171977266862759
4,3,2,2,2,3,2,2,2,3,3,2,2,2,2,3,3,2,3,3,3,2,-0.00162545024928923
4,3,2,2,2,3,2,2,2,2,4,2,2,2,2,3,3,2,3,3,3,2,-0.00113291935083008
4,3,2,2,2,3,2,2,2,2,3,1,2,2,2,3,3,2,3,3,3,2,0.001332730912015
4,3,2,2,2,3,2,2,2,2,3,3,2,2,2,3,3,2,3,3,3,2,0.00109175146873762
4,3,2,2,2,3,2,2,2,2,3,2,1,2,2,3,3,2,3,3,3,2,-0.000673763787548022
4,3,2,2,2,3,2,2,2,2,3,2,3,2,2,3,3,2,3,3,3,2,0.000970110294343227
4,3,2,2,2,3,2,2,2,2,3,2,2,1,2,3,3,2,3,3,3,2,0.000531779780703481
4,3,2,2,2,3,2,2,2,2,3,2,2,3,2,3,3,2,3,3,3,2,-0.00158025527580519
4,3,2,2,2,3,2,2,2,2,3,2,2,2,1,3,3,2,3,3,3,2,-0.00143852605373302
4,3,2,2,2,3,2,2,2,2,3,2,2,2,3,3,3,2,3,3,3,2,0.000512826508744542
4,3,2,2,2,3,2,2,2,2,3,2,2,2,2,4,3,2,3,3,3,2,-0.00145135971648374
4,3,2,2,2,3,2,2,2,2,3,2,2,2,2,3,2,2,3,3,3,2,-0.000649845761119395
4,3,2,2,2,3,2,2,2,2,3,2,2,2,2,3,4,2,3,3,3,2,-0.000520913505727527
4,3,2,2,2,3,2,2,2,2,3,2,2,2,2,3,3,3,3,3,3,2,0.00206593631637419
4,3,2,2,2,3,2,2,2,2,3,2,2,2,2,3,3,2,4,3,3,2,0.00297921027677503
4,3,2,2,2,3,2,2,2,2,3,2,2,2,2,3,3,2,3,2,3,2,0.00212270169660986
4,3,2,2,2,3,2,2,2,2,3,2,2,2,2,3,3,2,3,4,3,2,0.000682492887673422
4,3,2,2,2,3,2,2,2,2,3,2,2,2,2,3,3,2,3,3,2,2,-0.000362592654531476
4,3,2,2,2,3,2,2,2,2,3,2,2,2,2,3,3,2,3,3,4,2,-0.00113085982832212
4,3,2,2,2,3,2,2,2,2,3,2,2,2,2,3,3,2,3,3,3,1,-0.00150423768473931
4,3,2,2,2,3,2,2,2,2,3,2,2,2,2,3,3,2,3,3,3,3,-0.00148911098660724
3,3,2,2,2,3,2,3,2,2,3,2,2,2,2,3,3,2,3,3,3,2,0.00118326729545452
5,3,2,2,2,3,2,3,2,2,3,2,2,2,2,3,3,2,3,3,3,2,0.00129177384358874
4,2,2,2,2,3,2,3,2,2,3,2,2,2,2,3,3,2,3,3,3,2,-0.000296959977090962
4,4,2,2,2,3,2,3,2,2,3,2,2,2,2,3,3,2,3,3,3,2,-0.000332883305746653
4,3,1,2,2,3,2,3,2,2,3,2,2,2,2,3,3,2,3,3,3,2,0.000684244501524027
4,3,3,2,2,3,2,3,2,2,3,2,2,2,2,3,3,2,3,3,3,2,-0.00145502411197531
4,3,2,1,2,3,2,3,2,2,3,2,2,2,2,3,3,2,3,3,3,2,0.000832274830427536
4,3,2,3,2,3,2,3,2,2,3,2,2,2,2,3,3,2,3,3,3,2,0.00159304851041632
4,3,2,2,1,3,2,3,2,2,3,2,2,2,2,3,3,2,3,3,3,2,0.000406411365864174
4,3,2,2,3,3,2,3,2,2,3,2,2,2,2,3,3,2,3,3,3,2,0.00139994156079874
4,3,2,2,2,2,2,3,2,2,3,2,2,2,2,3,3,2,3,3,3,2,0.000210954577100936
4,3,2,2,2,4,2,3,2,2,3,2,2,2,2,3,3,2,3,3,3,2,0.00143426030314617
4,3,2,2,2,3,1,3,2,2,3,2,2,2,2,3,3,2,3,3,3,2,0.000213560774171764
4,3,2,2,2,3,3,3,2,2,3,2,2,2,2,3,3,2,3,3,3,2,-6.47871201852579e-05
4,3,2,2,2,3,2,4,2,2,3,2,2,2,2,3,3,2,3,3,3,2,0.00100937620280578
4,3,2,2,2,3,2,3,1,2,3,2,2,2,2,3,3,2,3,3,3,2,0.000434106748144743
4,3,2,2,2,3,2,3,2,1,3,2,2,2,2,3,3,2,3,3,3,2,-0.00121469559041027
4,3,2,2,2,3,2,3,2,3,3,2,2,2,2,3,3,2,3,3,3,2,-0.00113469473455336
4,3,2,2,2,3,2,3,2,2,4,2,2,2,2,3,3,2,3,3,3,2,0.000209372117264193
4,3,2,2,2,3,2,3,2,2,3,1,2,2,2,3,3,2,3,3,3,2,0.00150482140664755
4,3,2,2,2,3,2,3,2,2,3,3,2,2,2,3,3,2,3,3,3,2,0.00122371521632009
4,3,2,2,2,3,2,3,2,2,3,2,1,2,2,3,3,2,3,3,3,2,-0.000154794683960361
4,3,2,2,2,3,2,3,2,2,3,2,3,2,2,3,3,2,3,3,3,2,0.000966025169574461
4,3,2,2,2,3,2,3,2,2,3,2,2,1,2,3,3,2,3,3,3,2,0.000793520639694063
4,3,2,2,2,3,2,3,2,2,3,2,2,3,2,3,3,2,3,3,3,2,-0.0011168431578958
4,3,2,2,2,3,2,3,2,2,3,2,2,2,1,3,3,2,3,3,3,2,-0.00180664616963963
4,3,2,2,2,3,2,3,2,2,3,2,2,2,3,3,3,2,3,3,3,2,0.00186268340537571
4,3,2,2,2,3,2,3,2,2,3,2,2,2,2,4,3,2,3,3,3,2,-0.00242283395891284
4,3,2,2,2,3,2,3,2,2,3,2,2,2,2,3,2,2,3,3,3,2,-0.000272206520590996
4,3,2,2,2,3,2,3,2,2,3,2,2,2,2,3,4,2,3,3,3,2,-0.000162850856780912
4,3,2,2,2,3,2,3,2,2,3,2,2,2,2,3,3,1,3,3,3,2,0.000685348876987199
4,3,2,2,2,3,2,3,2,2,3,2,2,2,2,3,3,2,2,3,3,2,-0.00252469481812158
4,3,2,2,2,3,2,3,2,2,3,2,2,2,2,3,3,2,4,3,3,2,0.00308346313296997
4,3,2,2,2,3,2,3,2,2,3,2,2,2,2,3,3,2,3,2,3,2,0.0016346605553835
4,3,2,2,2,3,2,3,2,2,3,2,2,2,2,3,3,2,3,4,3,2,0.00132991440479307
4,3,2,2,2,3,2,3,2,2,3,2,2,2,2,3,3,2,3,3,2,2,-3.37652510658276e-05
4,3,2,2,2,3,2,3,2,2,3,2,2,2,2,3,3,2,3,3,4,2,-0.000685381609734203
4,3,2,2,2,3,2,3,2,2,3,2,2,2,2,3,3,2,3,3,3,1,-0.00102622032468159
4,3,2,2,2,3,2,3,2,2,3,2,2,2,2,3,3,2,3,3,3,3,-0.00101339040783532
3,3,3,2,2,4,2,2,2,2,2,2,3,2,2,2,3,2,2,2,3,2,0.000811518305141369
5,3,3,2,2,4,2,2,2,2,2,2,3,2,2,2,3,2,2,2,3,2,-0.00171065549634173
4,2,3,2,2,4,2,2,2,2,2,2,3,2,2,2,3,2,2,2,3,2,-0.00143318355175891
4,4,3,2,2,4,2,2,2,2,2,2,3,2,2,2,3,2,2,2,3,2,-0.00135750535308379
4,3,2,2,2,4,2,2,2,2,2,2,3,2,2,2,3,2,2,2,3,2,-0.00200325643738314
4,3,4,2,2,4,2,2,2,2,2,2,3,2,2,2,3,2,2,2,3,2,-0.00219717683634262
4,3,3,1,2,4,2,2,2,2,2,2,3,2,2,2,3,2,2,2,3,2,0.000226715893063933
4,3,3,3,2,4,2,2,2,2,2,2,3,2,2,2,3,2,2,2,3,2,-0.00137597472207129
4,3,3,2,1,4,2,2,2,2,2,2,3,2,2,2,3,2,2,2,3,2,0.00030561001800391
4,3,3,2,3,4,2,2,2,2,2,2,3,2,2,2,3,2,2,2,3,2,-0.0017874191720945
4,3,3,2,2,3,2,2,2,2,2,2,3,2,2,2,3,2,2,2,3,2,0.00285590035497397
4,3,3,2,2,5,2,2,2,2,2,2,3,2,2,2,3,2,2,2,3,2,-0.00412094744426819
4,3,3,2,2,4,1,2,2,2,2,2,3,2,2,2,3,2,2,2,3,2,-0.000828878610379677
4,3,3,2,2,4,3,2,2,2,2,2,3,2,2,2,3,2,2,2,3,2,-0.00156512611676128
4,3,3,2,2,4,2,1,2,2,2,2,3,2,2,2,3,2,2,2,3,2,0.00377732837019143
4,3,3,2,2,4,2,3,2,2,2,2,3,2,2,2,3,2,2,2,3,2,-0.00367001824982055
4,3,3,2,2,4,2,2,1,2,2,2,3,2,2,2,3,2,2,2,3,2,0.00433711853650433
4,3,3,2,2,4,2,2,3,2,2,2,3,2,2,2,3,2,2,2,3,2,-0.00417972205471523
4,3,3,2,2,4,2,2,2,1,2,2,3,2,2,2,3,2,2,2,3,2,-0.00177300228586491
4,3,3,2,2,4,2,2,2,3,2,2,3,2,2,2,3,2,2,2,3,2,-0.00194153679784563
4,3,3,2,2,4,2,2,2,2,1,2,3,2,2,2,3,2,2,2,3,2,-0.000491493976986555
4,3,3,2,2,4,2,2,2,2,3,2,3,2,2,2,3,2,2,2,3,2,-0.0014904627583427
4,3,3,2,2,4,2,2,2,2,2,1,3,2,2,2,3,2,2,2,3,2,1.45269425734933e-05
4,3,3,2,2,4,2,2,2,2,2,3,3,2,2,2,3,2,2,2,3,2,-0.00101387889983962
4,3,3,2,2,4,2,2,2,2,2,2,4,2,2,2,3,2,2,2,3,2,-0.00545994228927345
4,3,3,2,2,4,2,2,2,2,2,2,3,1,2,2,3,2,2,2,3,2,-0.00268941679798324
4,3,3,2,2,4,2,2,2,2,2,2,3,3,2,2,3,2,2,2,3,2,9.6021927607655e-05
4,3,3,2,2,4,2,2,2,2,2,2,3,2,1,2,3,2,2,2,3,2,-0.00513198305037736
4,3,3,2,2,4,2,2,2,2,2,2,3,2,3,2,3,2,2,2,3,2,0.00283756725661792
4,3,3,2,2,4,2,2,2,2,2,2,3,2,2,1,3,2,2,2,3,2,-0.00104796553667154
4,3,3,2,2,4,2,2,2,2,2,2,3,2,2,3,3,2,2,2,3,2,0.000443139563115646
4,3,3,2,2,4,2,2,2,2,2,2,3,2,2,2,2,2,2,2,3,2,-0.00122783121667598
4,3,3,2,2,4,2,2,2,2,2,2,3,2,2,2,4,2,2,2,3,2,-0.00145820629498186
4,3,3,2,2,4,2,2,2,2,2,2,3,2,2,2,3,1,2,2,3,2,-0.00100075974681604
4,3,3,2,2,4,2,2,2,2,2,2,3,2,2,2,3,3,2,2,3,2,0.000480821038914009
4,3,3,2,2,4,2,2,2,2,2,2,3,2,2,2,3,2,1,2,3,2,0.00282061326658587
4,3,3,2,2,4,2,2,2,2,2,2,3,2,2,2,3,2,3,2,3,2,-0.00446096591638905
4,3,3,2,2,4,2,2,2,2,2,2,3,2,2,2,3,2,2,1,3,2,-0.00173530848516153
4,3,3,2,2,4,2,2,2,2,2,2,3,2,2,2,3,2,2,3,3,2,0.000587740062650627
4,3,3,2,2,4,2,2,2,2,2,2,3,2,2,2,3,2,2,2,2,2,-0.00210570092546853
4,3,3,2,2,4,2,2,2,2,2,2,3,2,2,2,3,2,2,2,4,2,-0.000732967548675162
4,3,3,2,2,4,2,2,2,2,2,2,3,2,2,2,3,2,2,2,3,1,-0.00176053875029066
4,3,3,2,2,4,2,2,2,2,2,2,3,2,2,2,3,2,2,2,3,3,-0.00178756700831717
3,3,2,2,2,3,2,3,2,2,2,2,2,2,2,3,3,2,3,3,3,2,0.00104175767001628
5,3,2,2,2,3,2,3,2,2,2,2,2,2,2,3,3,2,3,3,3,2,0.00149519812902186
4,2,2,2,2,3,2,3,2,2,2,2,2,2,2,3,3,2,3,3,3,2,-0.000280726967343812
4,4,2,2,2,3,2,3,2,2,2,2,2,2,2,3,3,2,3,3,3,2,-0.00030679055200929
4,3,1,2,2,3,2,3,2,2,2,2,2,2,2,3,3,2,3,3,3,2,0.000406503424923045
4,3,3,2,2,3,2,3,2,2,2,2,2,2,2,3,3,2,3,3,3,2,-0.000971607291002175
4,3,2,1,2,3,2,3,2,2,2,2,2,2,2,3,3,2,3,3,3,2,0.000928302774241925
4,3,2,3,2,3,2,3,2,2,2,2,2,2,2,3,3,2,3,3,3,2,0.00148026969829073
4,3,2,2,1,3,2,3,2,2,2,2,2,2,2,3,3,2,3,3,3,2,0.000540365623759345
4,3,2,2,3,3,2,3,2,2,2,2,2,2,2,3,3,2,3,3,3,2,0.00126120523752696
4,3,2,2,2,2,2,3,2,2,2,2,2,2,2,3,3,2,3,3,3,2,0.000821682457892811
4,3,2,2,2,4,2,3,2,2,2,2,2,2,2,3,3,2,3,3,3,2,0.000815437717792875
4,3,2,2,2,3,1,3,2,2,2,2,2,2,2,3,3,2,3,3,3,2,0.000211186067418864
4,3,2,2,2,3,3,3,2,2,2,2,2,2,2,3,3,2,3,3,3,2,-3.86628341964429e-05
4,3,2,2,2,3,2,4,2,2,2,2,2,2,2,3,3,2,3,3,3,2,-0.000685638667233984
4,3,2,2,2,3,2,3,1,2,2,2,2,2,2,3,3,2,3,3,3,2,0.00584662199569084
4,3,2,2,2,3,2,3,2,1,2,2,2,2,2,3,3,2,3,3,3,2,-0.00116592881429926
4,3,2,2,2,3,2,3,2,3,2,2,2,2,2,3,3,2,3,3,3,2,-0.00110788549932906
4,3,2,2,2,3,2,3,2,2,1,2,2,2,2,3,3,2,3,3,3,2,-0.000840032576969671
4,3,2,2,2,3,2,3,2,2,2,1,2,2,2,3,3,2,3,3,3,2,0.00150304779980283
4,3,2,2,2,3,2,3,2,2,2,3,2,2,2,3,3,2,3,3,3,2,0.00120000187776107
4,3,2,2,2,3,2,3,2,2,2,2,1,2,2,3,3,2,3,3,3,2,-0.000116111446811442
4,3,2,2,2,3,2,3,2,2,2,2,3,2,2,3,3,2,3,3,3,2,0.000879745946443185
4,3,2,2,2,3,2,3,2,2,2,2,2,1,2,3,3,2,3,3,3,2,0.000566189443865024
4,3,2,2,2,3,2,3,2,2,2,2,2,3,2,3,3,2,3,3,3,2,-0.000852495063342625
4,3,2,2,2,3,2,3,2,2,2,2,2,2,1,3,3,2,3,3,3,2,-0.00260699698936392
4,3,2,2,2,3,2,3,2,2,2,2,2,2,3,3,3,2,3,3,3,2,0.00289005308924853
4,3,2,2,2,3,2,3,2,2,2,2,2,2,2,4,3,2,3,3,3,2,-0.00109118494627844
4,3,2,2,2,3,2,3,2,2,2,2,2,2,2,3,2,2,3,3,3,2,-0.000237919666936119
4,3,2,2,2,3,2,3,2,2,2,2,2,2,2,3,4,2,3,3,3,2,-0.000158578450266475
4,3,2,2,2,3,2,3,2,2,2,2,2,2,2,3,3,1,3,3,3,2,0.000891947340864937
4,3,2,2,2,3,2,3,2,2,2,2,2,2,2,3,3,3,3,3,3,2,0.00248063931994961
4,3,2,2,2,3,2,3,2,2,2,2,2,2,2,3,3,2,2,3,3,2,0.00197143789622011
4,3,2,2,2,3,2,3,2,2,2,2,2,2,2,3,3,2,4,3,3,2,-0.000367940724747787
4,3,2,2,2,3,2,3,2,2,2,2,2,2,2,3,3,2,3,2,3,2,0.00153653485013344
4,3,2,2,2,3,2,3,2,2,2,2,2,2,2,3,3,2,3,4,3,2,0.00139280191555989
4,3,2,2,2,3,2,3,2,2,2,2,2,2,2,3,3,2,3,3,2,2,-0.000101162327692007
4,3,2,2,2,3,2,3,2,2,2,2,2,2,2,3,3,2,3,3,4,2,-0.000573931939226736
4,3,2,2,2,3,2,3,2,2,2,2,2,2,2,3,3,2,3,3,3,1,-0.000989666675896173
4,3,2,2,2,3,2,3,2,2,2,2,2,2,2,3,3,2,3,3,3,3,-0.000980358139173969
3,3,2,2,2,3,2,2,2,2,2,2,2,2,2,2,3,2,3,3,3,2,0.00109494695604412
5,3,2,2,2,3,2,2,2,2,2,2,2,2,2,2,3,2,3,3,3,2,-2.91542385785607e-05
4,2,2,2,2,3,2,2,2,2,2,2,2,2,2,2,3,2,3,3,3,2,-0.00130522863774173
4,4,2,2,2,3,2,2,2,2,2,2,2,2,2,2,3,2,3,3,3,2,-0.00132381915580534
4,3,1,2,2,3,2,2,2,2,2,2,2,2,2,2,3,2,3,3,3,2,-0.000436121811088288
4,3,3,2,2,3,2,2,2,2,2,2,2,2,2,2,3,2,3,3,3,2,-0.00193487040822335
4,3,2,1,2,3,2,2,2,2,2,2,2,2,2,2,3,2,3,3,3,2,0.000179849005399084
4,3,2,3,2,3,2,2,2,2,2,2,2,2,2,2,3,2,3,3,3,2,0.000573553524703782
4,3,2,2,1,3,2,2,2,2,2,2,2,2,2,2,3,2,3,3,3,2,-0.000223016082249782
4,3,2,2,3,3,2,2,2,2,2,2,2,2,2,2,3,2,3,3,3,2,0.000291141200133059
4,3,2,2,2,4,2,2,2,2,2,2,2,2,2,2,3,2,3,3,3,2,-0.00195684284423585
4,3,2,2,2,3,1,2,2,2,2,2,2,2,2,2,3,2,3,3,3,2,-0.00110091383758262
4,3,2,2,2,3,3,2,2,2,2,2,2,2,2,2,3,2,3,3,3,2,-0.000660524410150985
4,3,2,2,2,3,2,1,2,2,2,2,2,2,2,2,3,2,3,3,3,2,0.00274662726796253
4,3,2,2,2,3,2,2,1,2,2,2,2,2,2,2,3,2,3,3,3,2,0.0056400636794566
4,3,2,2,2,3,2,2,2,1,2,2,2,2,2,2,3,2,3,3,3,2,-0.002287100807067
4,3,2,2,2,3,2,2,2,3,2,2,2,2,2,2,3,2,3,3,3,2,-0.00224569992881943
4,3,2,2,2,3,2,2,2,2,1,2,2,2,2,2,3,2,3,3,3,2,-0.000410617287897777
4,3,2,2,2,3,2,2,2,2,2,1,2,2,2,2,3,2,3,3,3,2,0.000409509404898268
4,3,2,2,2,3,2,2,2,2,2,3,2,2,2,2,3,2,3,3,3,2,0.000685279304509377
4,3,2,2,2,3,2,2,2,2,2,2,1,2,2,2,3,2,3,3,3,2,-0.00168170677720728
4,3,2,2,2,3,2,2,2,2,2,2,3,2,2,2,3,2,3,3,3,2,0.00060030307867655
4,3,2,2,2,3,2,2,2,2,2,2,2,1,2,2,3,2,3,3,3,2,-0.000964347656734922
4,3,2,2,2,3,2,2,2,2,2,2,2,3,2,2,3,2,3,3,3,2,-0.00131830939991488
4,3,2,2,2,3,2,2,2,2,2,2,2,2,1,2,3,2,3,3,3,2,-0.00150419690724571
4,3,2,2,2,3,2,2,2,2,2,2,2,2,2,1,3,2,3,3,3,2,-0.00159746778175135
4,3,2,2,2,3,2,2,2,2,2,2,2,2,2,2,2,2,3,3,3,2,-0.00123499383219317
4,3,2,2,2,3,2,2,2,2,2,2,2,2,2,2,4,2,3,3,3,2,-0.00117840168108947
4,3,2,2,2,3,2,2,2,2,2,2,2,2,2,2,3,1,3,3,3,2,0.00218656574072004
4,3,2,2,2,3,2,2,2,2,2,2,2,2,2,2,3,3,3,3,3,2,-0.000190367959119064
4,3,2,2,2,3,2,2,2,2,2,2,2,2,2,2,3,2,2,3,3,2,0.00551537651968744
4,3,2,2,2,3,2,2,2,2,2,2,2,2,2,2,3,2,4,3,3,2,-0.0047143303399662
4,3,2,2,2,3,2,2,2,2,2,2,2,2,2,2,3,2,3,2,3,2,-0.000863595189617165
4,3,2,2,2,3,2,2,2,2,2,2,2,2,2,2,3,2,3,4,3,2,0.00205106065052093
4,3,2,2,2,3,2,2,2,2,2,2,2,2,2,2,3,2,3,3,2,2,-0.00119535148791542
4,3,2,2,2,3,2,2,2,2,2,2,2,2,2,2,3,2,3,3,4,2,-0.0015325664994342
4,3,2,2,2,3,2,2,2,2,2,2,2,2,2,2,3,2,3,3,3,1,-0.00209823783013626
4,3,2,2,2,3,2,2,2,2,2,2,2,2,2,2,3,2,3,3,3,3,-0.0020915982783516
3,3,2,2,2,4,2,2,2,2,2,2,2,2,2,2,3,2,2,2,3,2,0.00126591044027214
5,3,2,2,2,4,2,2,2,2,2,2,2,2,2,2,3,2,2,2,3,2,-0.00191583688333478
4,2,2,2,2,4,2,2,2,2,2,2,2,2,2,2,3,2,2,2,3,2,-0.00156653915573565
4,4,2,2,2,4,2,2,2,2,2,2,2,2,2,2,3,2,2,2,3,2,-0.00151712210080699
4,3,1,2,2,4,2,2,2,2,2,2,2,2,2,2,3,2,2,2,3,2,-0.00541069969445917
4,3,2,1,2,4,2,2,2,2,2,2,2,2,2,2,3,2,2,2,3,2,7.76471289021638e-06
4,3,2,3,2,4,2,2,2,2,2,2,2,2,2,2,3,2,2,2,3,2,-0.00103877513013078
4,3,2,2,1,4,2,2,2,2,2,2,2,2,2,2,3,2,2,2,3,2,-4.0073761566153e-05
4,3,2,2,3,4,2,2,2,2,2,2,2,2,2,2,3,2,2,2,3,2,-0.00140679945357334
4,3,2,2,2,3,2,2,2,2,2,2,2,2,2,2,3,2,2,2,3,2,0.00406338539124981
4,3,2,2,2,5,2,2,2,2,2,2,2,2,2,2,3,2,2,2,3,2,-0.00455893434272873
4,3,2,2,2,4,1,2,2,2,2,2,2,2,2,2,3,2,2,2,3,2,-0.00114192290311666
4,3,2,2,2,4,3,2,2,2,2,2,2,2,2,2,3,2,2,2,3,2,-0.00142447010043352
4,3,2,2,2,4,2,1,2,2,2,2,2,2,2,2,3,2,2,2,3,2,0.00336750856459284
4,3,2,2,2,4,2,3,2,2,2,2,2,2,2,2,3,2,2,2,3,2,-0.0027831410018827
4,3,2,2,2,4,2,2,1,2,2,2,2,2,2,2,3,2,2,2,3,2,0.00447683917413659
4,3,2,2,2,4,2,2,3,2,2,2,2,2,2,2,3,2,2,2,3,2,-0.0039168842702763
4,3,2,2,2,4,2,2,2,1,2,2,2,2,2,2,3,2,2,2,3,2,-0.00206445430353188
4,3,2,2,2,4,2,2,2,3,2,2,2,2,2,2,3,2,2,2,3,2,-0.00217450553865246
4,3,2,2,2,4,2,2,2,2,1,2,2,2,2,2,3,2,2,2,3,2,0.000107036880269201
4,3,2,2,2,4,2,2,2,2,3,2,2,2,2,2,3,2,2,2,3,2,-0.00229632865730697
4,3,2,2,2,4,2,2,2,2,2,1,2,2,2,2,3,2,2,2,3,2,-0.000105850430415266
4,3,2,2,2,4,2,2,2,2,2,3,2,2,2,2,3,2,2,2,3,2,-0.000722139249292456
4,3,2,2,2,4,2,2,2,2,2,2,1,2,2,2,3,2,2,2,3,2,-0.00069584631855616
4,3,2,2,2,4,2,2,2,2,2,2,2,1,2,2,3,2,2,2,3,2,-0.00245522031478907
4,3,2,2,2,4,2,2,2,2,2,2,2,3,2,2,3,2,2,2,3,2,-0.000395563588530142
4,3,2,2,2,4,2,2,2,2,2,2,2,2,1,2,3,2,2,2,3,2,-0.00498366824133061
4,3,2,2,2,4,2,2,2,2,2,2,2,2,3,2,3,2,2,2,3,2,0.00250736450327523
4,3,2,2,2,4,2,2,2,2,2,2,2,2,2,1,3,2,2,2,3,2,-0.00163632472657427
4,3,2,2,2,4,2,2,2,2,2,2,2,2,2,3,3,2,2,2,3,2,0.0014114010311114
4,3,2,2,2,4,2,2,2,2,2,2,2,2,2,2,2,2,2,2,3,2,-0.00140117975691629
4,3,2,2,2,4,2,2,2,2,2,2,2,2,2,2,4,2,2,2,3,2,-0.00155161222092985
4,3,2,2,2,4,2,2,2,2,2,2,2,2,2,2,3,1,2,2,3,2,-0.000719915888922487
4,3,2,2,2,4,2,2,2,2,2,2,2,2,2,2,3,3,2,2,3,2,0.000515729879774678
4,3,2,2,2,4,2,2,2,2,2,2,2,2,2,2,3,2,1,2,3,2,0.00233892136593285
4,3,2,2,2,4,2,2,2,2,2,2,2,2,2,2,3,2,3,2,3,2,-0.00394523935397513
4,3,2,2,2,4,2,2,2,2,2,2,2,2,2,2,3,2,2,1,3,2,-0.00210209740146692
4,3,2,2,2,4,2,2,2,2,2,2,2,2,2,2,3,2,2,3,3,2,0.00133231131356488
4,3,2,2,2,4,2,2,2,2,2,2,2,2,2,2,3,2,2,2,2,2,-0.00202002058757153
4,3,2,2,2,4,2,2,2,2,2,2,2,2,2,2,3,2,2,2,4,2,-0.00112364036353307
4,3,2,2,2,4,2,2,2,2,2,2,2,2,2,2,3,2,2,2,3,1,-0.00200659074661288
4,3,2,2,2,4,2,2,2,2,2,2,2,2,2,2,3,2,2,2,3,3,-0.00202423991024133
3,3,2,2,2,3,2,2,2,2,3,2,2,2,2,2,3,2,3,3,3,2,0.00118528556798779
5,3,2,2,2,3,2,2,2,2,3,2,2,2,2,2,3,2,3,3,3,2,-0.000431034045563546
4,2,2,2,2,3,2,2,2,2,3,2,2,2,2,2,3,2,3,3,3,2,-0.00143774383587991
4,4,2,2,2,3,2,2,2,2,3,2,2,2,2,2,3,2,3,3,3,2,-0.00146757503975803
4,3,1,2,2,3,2,2,2,2,3,2,2,2,2,2,3,2,3,3,3,2,-0.000226016918007931
4,3,3,2,2,3,2,2,2,2,3,2,2,2,2,2,3,2,3,3,3,2,-0.00267711388761498
4,3,2,1,2,3,2,2,2,2,3,2,2,2,2,2,3,2,3,3,3,2,-6.16836196853187e-05
4,3,2,3,2,3,2,2,2,2,3,2,2,2,2,2,3,2,3,3,3,2,0.000570072835025169
4,3,2,2,1,3,2,2,2,2,3,2,2,2,2,2,3,2,3,3,3,2,-0.00050413073851451
4,3,2,2,3,3,2,2,2,2,3,2,2,2,2,2,3,2,3,3,3,2,0.000320909782878079
4,3,2,2,2,4,2,2,2,2,3,2,2,2,2,2,3,2,3,3,3,2,-0.00133891315452695
4,3,2,2,2,3,1,2,2,2,3,2,2,2,2,2,3,2,3,3,3,2,-0.00121487044342405
4,3,2,2,2,3,3,2,2,2,3,2,2,2,2,2,3,2,3,3,3,2,-0.000811434645622059
4,3,2,2,2,3,2,1,2,2,3,2,2,2,2,2,3,2,3,3,3,2,0.00114354878909316
4,3,2,2,2,3,2,2,1,2,3,2,2,2,2,2,3,2,3,3,3,2,-0.000197218711585997
4,3,2,2,2,3,2,2,2,1,3,2,2,2,2,2,3,2,3,3,3,2,-0.00244654923317413
4,3,2,2,2,3,2,2,2,3,3,2,2,2,2,2,3,2,3,3,3,2,-0.00238011547186058
4,3,2,2,2,3,2,2,2,2,4,2,2,2,2,2,3,2,3,3,3,2,0.000171479059181737
4,3,2,2,2,3,2,2,2,2,3,1,2,2,2,2,3,2,3,3,3,2,0.000279477815519104
4,3,2,2,2,3,2,2,2,2,3,3,2,2,2,2,3,2,3,3,3,2,0.000576192852011175
4,3,2,2,2,3,2,2,2,2,3,2,1,2,2,2,3,2,3,3,3,2,-0.0018375951793922
4,3,2,2,2,3,2,2,2,2,3,2,3,2,2,2,3,2,3,3,3,2,0.000569788725415982
4,3,2,2,2,3,2,2,2,2,3,2,2,1,2,2,3,2,3,3,3,2,-0.000818848150063448
4,3,2,2,2,3,2,2,2,2,3,2,2,3,2,2,3,2,3,3,3,2,-0.00173778488489977
4,3,2,2,2,3,2,2,2,2,3,2,2,2,1,2,3,2,3,3,3,2,-0.000529399947446555
4,3,2,2,2,3,2,2,2,2,3,2,2,2,2,1,3,2,3,3,3,2,-2.61992392380676e-05
4,3,2,2,2,3,2,2,2,2,3,2,2,2,2,2,2,2,3,3,3,2,-0.00138924204865734
4,3,2,2,2,3,2,2,2,2,3,2,2,2,2,2,4,2,3,3,3,2,-0.00129843166931793
4,3,2,2,2,3,2,2,2,2,3,2,2,2,2,2,3,1,3,3,3,2,0.00191625606872294
4,3,2,2,2,3,2,2,2,2,3,2,2,2,2,2,3,3,3,3,3,2,-0.000232284858700473
4,3,2,2,2,3,2,2,2,2,3,2,2,2,2,2,3,2,4,3,3,2,-0.00125722751404195
4,3,2,2,2,3,2,2,2,2,3,2,2,2,2,2,3,2,3,2,3,2,-0.000880281172465342
4,3,2,2,2,3,2,2,2,2,3,2,2,2,2,2,3,2,3,4,3,2,0.00185982128719198
4,3,2,2,2,3,2,2,2,2,3,2,2,2,2,2,3,2,3,3,2,2,-0.00123199598161004
4,3,2,2,2,3,2,2,2,2,3,2,2,2,2,2,3,2,3,3,4,2,-0.00177310676318937
4,3,2,2,2,3,2,2,2,2,3,2,2,2,2,2,3,2,3,3,3,1,-0.00224559240890232
4,3,2,2,2,3,2,2,2,2,3,2,2,2,2,2,3,2,3,3,3,3,-0.00223493827746443
3,3,2,2,2,3,2,3,2,2,2,2,2,2,2,2,3,2,3,3,3,2,0.000469571175214369
5,3,2,2,2,3,2,3,2,2,2,2,2,2,2,2,3,2,3,3,3,2,-0.000448071195038416
4,2,2,2,2,3,2,3,2,2,2,2,2,2,2,2,3,2,3,3,3,2,-0.00160256125523493
4,4,2,2,2,3,2,3,2,2,2,2,2,2,2,2,3,2,3,3,3,2,-0.00161746320057525
4,3,1,2,2,3,2,3,2,2,2,2,2,2,2,2,3,2,3,3,3,2,-0.00017993515889478
4,3,3,2,2,3,2,3,2,2,2,2,2,2,2,2,3,2,3,3,3,2,-0.0029585875678687
4,3,2,1,2,3,2,3,2,2,2,2,2,2,2,2,3,2,3,3,3,2,-0.000281966399453253
4,3,2,3,2,3,2,3,2,2,2,2,2,2,2,2,3,2,3,3,3,2,3.3622612474314e-05
4,3,2,2,1,3,2,3,2,2,2,2,2,2,2,2,3,2,3,3,3,2,-0.000631271340350161
4,3,2,2,3,3,2,3,2,2,2,2,2,2,2,2,3,2,3,3,3,2,-0.000219128779708084
4,3,2,2,2,2,2,3,2,2,2,2,2,2,2,2,3,2,3,3,3,2,0.00129661529928085
4,3,2,2,2,4,2,3,2,2,2,2,2,2,2,2,3,2,3,3,3,2,-0.00248303751309204
4,3,2,2,2,3,1,3,2,2,2,2,2,2,2,2,3,2,3,3,3,2,-0.00137365078063259
4,3,2,2,2,3,3,3,2,2,2,2,2,2,2,2,3,2,3,3,3,2,-0.00108668133698516
4,3,2,2,2,3,2,4,2,2,2,2,2,2,2,2,3,2,3,3,3,2,-0.000363259685542612
4,3,2,2,2,3,2,3,1,2,2,2,2,2,2,2,3,2,3,3,3,2,0.00477101875496793
4,3,2,2,2,3,2,3,3,2,2,2,2,2,2,2,3,2,3,3,3,2,-0.00305262689759647
4,3,2,2,2,3,2,3,2,1,2,2,2,2,2,2,3,2,3,3,3,2,-0.00246288467877107
4,3,2,2,2,3,2,3,2,3,2,2,2,2,2,2,3,2,3,3,3,2,-0.00242969821120866
4,3,2,2,2,3,2,3,2,2,1,2,2,2,2,2,3,2,3,3,3,2,-0.00279563314761079
4,3,2,2,2,3,2,3,2,2,2,1,2,2,2,2,3,2,3,3,3,2,-6.15114580923152e-05
4,3,2,2,2,3,2,3,2,2,2,3,2,2,2,2,3,2,3,3,3,2,0.00011167047898571
4,3,2,2,2,3,2,3,2,2,2,2,1,2,2,2,3,2,3,3,3,2,-0.00176633035811737
4,3,2,2,2,3,2,3,2,2,2,2,3,2,2,2,3,2,3,3,3,2,-0.000142126320726866
4,3,2,2,2,3,2,3,2,2,2,2,2,1,2,2,3,2,3,3,3,2,-0.00127761421148765
4,3,2,2,2,3,2,3,2,2,2,2,2,3,2,2,3,2,3,3,3,2,-0.00163394875674501
4,3,2,2,2,3,2,3,2,2,2,2,2,2,1,2,3,2,3,3,3,2,-0.00272816645727729
4,3,2,2,2,3,2,3,2,2,2,2,2,2,3,2,3,2,3,3,3,2,-2.83216492143746e-05
4,3,2,2,2,3,2,3,2,2,2,2,2,2,2,1,3,2,3,3,3,2,-0.00150162343285145
4,3,2,2,2,3,2,3,2,2,2,2,2,2,2,2,2,2,3,3,3,2,-0.00153796245856665
4,3,2,2,2,3,2,3,2,2,2,2,2,2,2,2,4,2,3,3,3,2,-0.00149259884150377
4,3,2,2,2,3,2,3,2,2,2,2,2,2,2,2,3,1,3,3,3,2,0.000950731895777086
4,3,2,2,2,3,2,3,2,2,2,2,2,2,2,2,3,3,3,3,3,2,-9.10825056494921e-05
4,3,2,2,2,3,2,3,2,2,2,2,2,2,2,2,3,2,2,3,3,2,0.00384181087390771
4,3,2,2,2,3,2,3,2,2,2,2,2,2,2,2,3,2,4,3,3,2,-0.00418364291851549
4,3,2,2,2,3,2,3,2,2,2,2,2,2,2,2,3,2,3,2,3,2,-0.00184073267115162
4,3,2,2,2,3,2,3,2,2,2,2,2,2,2,2,3,2,3,4,3,2,0.00185312994896119
4,3,2,2,2,3,2,3,2,2,2,2,2,2,2,2,3,2,3,3,2,2,-0.00151829001892325
4,3,2,2,2,3,2,3,2,2,2,2,2,2,2,2,3,2,3,3,4,2,-0.00178859769149027
4,3,2,2,2,3,2,3,2,2,2,2,2,2,2,2,3,2,3,3,3,1,-0.00229829528540311
4,3,2,2,2,3,2,3,2,2,2,2,2,2,2,2,3,2,3,3,3,3,-0.00229297309710041
5,3,2,2,2,2,2,2,2,2,2,2,2,2,3,2,3,2,3,3,3,2,-7.73569485124536e-05
4,2,2,2,2,2,2,2,2,2,2,2,2,2,3,2,3,2,3,3,3,2,-0.00119961773724315
4,4,2,2,2,2,2,2,2,2,2,2,2,2,3,2,3,2,3,3,3,2,-0.00120518202424996
4,3,1,2,2,2,2,2,2,2,2,2,2,2,3,2,3,2,3,3,3,2,0.00255240909661743
4,3,3,2,2,2,2,2,2,2,2,2,2,2,3,2,3,2,3,3,3,2,-0.00496382773713277
4,3,2,1,2,2,2,2,2,2,2,2,2,2,3,2,3,2,3,3,3,2,2.98249346095778e-05
4,3,2,3,2,2,2,2,2,2,2,2,2,2,3,2,3,2,3,3,3,2,0.000147663766950736
4,3,2,2,1,2,2,2,2,2,2,2,2,2,3,2,3,2,3,3,3,2,-0.000249784431333214
4,3,2,2,3,2,2,2,2,2,2,2,2,2,3,2,3,2,3,3,3,2,-9.58931478328462e-05
4,3,2,2,2,1,2,2,2,2,2,2,2,2,3,2,3,2,3,3,3,2,-0.000817375750380344
4,3,2,2,2,2,1,2,2,2,2,2,2,2,3,2,3,2,3,3,3,2,-0.00124612019205975
4,3,2,2,2,2,3,2,2,2,2,2,2,2,3,2,3,2,3,3,3,2,-0.000499765729527883
4,3,2,2,2,2,2,1,2,2,2,2,2,2,3,2,3,2,3,3,3,2,0.00173865305993089
4,3,2,2,2,2,2,3,2,2,2,2,2,2,3,2,3,2,3,3,3,2,0.000356341397457623
4,3,2,2,2,2,2,2,1,2,2,2,2,2,3,2,3,2,3,3,3,2,0.00442421115565436
4,3,2,2,2,2,2,2,3,2,2,2,2,2,3,2,3,2,3,3,3,2,-0.00240350040866255
4,3,2,2,2,2,2,2,2,1,2,2,2,2,3,2,3,2,3,3,3,2,-0.00193529360802815
4,3,2,2,2,2,2,2,2,3,2,2,2,2,3,2,3,2,3,3,3,2,-0.00192290200236609
4,3,2,2,2,2,2,2,2,2,1,2,2,2,3,2,3,2,3,3,3,2,0.000367841080857991
4,3,2,2,2,2,2,2,2,2,3,2,2,2,3,2,3,2,3,3,3,2,-0.00169692092391972
4,3,2,2,2,2,2,2,2,2,2,1,2,2,3,2,3,2,3,3,3,2,-0.000148747844000464
4,3,2,2,2,2,2,2,2,2,2,3,2,2,3,2,3,2,3,3,3,2,0.000586618354116231
4,3,2,2,2,2,2,2,2,2,2,2,1,2,3,2,3,2,3,3,3,2,-0.00256569895677921
4,3,2,2,2,2,2,2,2,2,2,2,3,2,3,2,3,2,3,3,3,2,0.00144288002784231
4,3,2,2,2,2,2,2,2,2,2,2,2,1,3,2,3,2,3,3,3,2,-0.00130892825851375
4,3,2,2,2,2,2,2,2,2,2,2,2,3,3,2,3,2,3,3,3,2,-0.000815077873007513
4,3,2,2,2,2,2,2,2,2,2,2,2,2,4,2,3,2,3,3,3,2,-0.000891037536424231
4,3,2,2,2,2,2,2,2,2,2,2,2,2,3,1,3,2,3,3,3,2,0.000581197053478017
4,3,2,2,2,2,2,2,2,2,2,2,2,2,3,3,3,2,3,3,3,2,0.0010786108858526
4,3,2,2,2,2,2,2,2,2,2,2,2,2,3,2,2,2,3,3,3,2,-0.00112855062839913
4,3,2,2,2,2,2,2,2,2,2,2,2,2,3,2,4,2,3,3,3,2,-0.00111161215632476
4,3,2,2,2,2,2,2,2,2,2,2,2,2,3,2,3,1,3,3,3,2,0.00391509136024366
4,3,2,2,2,2,2,2,2,2,2,2,2,2,3,2,3,3,3,3,3,2,-0.00264950660783929
4,3,2,2,2,2,2,2,2,2,2,2,2,2,3,2,3,2,2,3,3,2,0.00707233767370301
4,3,2,2,2,2,2,2,2,2,2,2,2,2,3,2,3,2,4,3,3,2,-0.00676595894799716
4,3,2,2,2,2,2,2,2,2,2,2,2,2,3,2,3,2,3,2,3,2,-0.000667961792570086
4,3,2,2,2,2,2,2,2,2,2,2,2,2,3,2,3,2,3,4,3,2,0.00142380910030179
4,3,2,2,2,2,2,2,2,2,2,2,2,2,3,2,3,2,3,3,2,2,-0.00118967493246025
4,3,2,2,2,2,2,2,2,2,2,2,2,2,3,2,3,2,3,3,4,2,-0.00129060601467256
4,3,2,2,2,2,2,2,2,2,2,2,2,2,3,2,3,2,3,3,3,1,-0.00179917545960352
4,3,2,2,2,2,2,2,2,2,2,2,2,2,3,2,3,2,3,3,3,3,-0.00179718818998578
2,3,2,2,2,3,2,2,2,2,2,2,2,2,2,3,3,2,3,3,3,2,-0.00168306650861127
3,2,2,2,2,3,2,2,2,2,2,2,2,2,2,3,3,2,3,3,3,2,-0.000261986042801715
3,4,2,2,2,3,2,2,2,2,2,2,2,2,2,3,3,2,3,3,3,2,-0.000282585081827979
3,3,1,2,2,3,2,2,2,2,2,2,2,2,2,3,3,2,3,3,3,2,8.46000844381679e-05
3,3,3,2,2,3,2,2,2,2,2,2,2,2,2,3,3,2,3,3,3,2,-0.00046719231018666
3,3,2,1,2,3,2,2,2,2,2,2,2,2,2,3,3,2,3,3,3,2,0.000930806637755032
3,3,2,3,2,3,2,2,2,2,2,2,2,2,2,3,3,2,3,3,3,2,0.00136704702278372
3,3,2,2,1,3,2,2,2,2,2,2,2,2,2,3,3,2,3,3,3,2,0.000576138713729484
3,3,2,2,3,3,2,2,2,2,2,2,2,2,2,3,3,2,3,3,3,2,0.00114584558737192
3,3,2,2,2,2,2,2,2,2,2,2,2,2,2,3,3,2,3,3,3,2,0.000103310351307631
3,3,2,2,2,4,2,2,2,2,2,2,2,2,2,3,3,2,3,3,3,2,0.00155847906891496
3,3,2,2,2,3,1,2,2,2,2,2,2,2,2,3,3,2,3,3,3,2,0.000222635275016519
3,3,2,2,2,3,3,2,2,2,2,2,2,2,2,3,3,2,3,3,3,2,-4.81048179779778e-05
3,3,2,2,2,3,2,1,2,2,2,2,2,2,2,3,3,2,3,3,3,2,0.00343278009251126
3,3,2,2,2,3,2,2,1,2,2,2,2,2,2,3,3,2,3,3,3,2,0.00593723830296159
3,3,2,2,2,3,2,2,2,1,2,2,2,2,2,3,3,2,3,3,3,2,-0.00109512699000706
3,3,2,2,2,3,2,2,2,3,2,2,2,2,2,3,3,2,3,3,3,2,-0.00104925315777592
3,3,2,2,2,3,2,2,2,2,1,2,2,2,2,3,3,2,3,3,3,2,0.000166718398907637
3,3,2,2,2,3,2,2,2,2,2,1,2,2,2,3,3,2,3,3,3,2,0.00144996949742985
3,3,2,2,2,3,2,2,2,2,2,3,2,2,2,3,3,2,3,3,3,2,0.00112595986809227
3,3,2,2,2,3,2,2,2,2,2,2,1,2,2,3,3,2,3,3,3,2,-0.000323936280748704
3,3,2,2,2,3,2,2,2,2,2,2,3,2,2,3,3,2,3,3,3,2,0.00107137819508747
3,3,2,2,2,3,2,2,2,2,2,2,2,1,2,3,3,2,3,3,3,2,0.000467693432876109
3,3,2,2,2,3,2,2,2,2,2,2,2,3,2,3,3,2,3,3,3,2,-0.000724371222252928
3,3,2,2,2,3,2,2,2,2,2,2,2,2,1,3,3,2,3,3,3,2,-0.00252691294045328
3,3,2,2,2,3,2,2,2,2,2,2,2,2,3,3,3,2,3,3,3,2,0.00272498691699954
3,3,2,2,2,3,2,2,2,2,2,2,2,2,2,4,3,2,3,3,3,2,-0.00155878428680364
3,3,2,2,2,3,2,2,2,2,2,2,2,2,2,3,2,2,3,3,3,2,-0.000213027604030342
3,3,2,2,2,3,2,2,2,2,2,2,2,2,2,3,4,2,3,3,3,2,-0.000150321232687087
3,3,2,2,2,3,2,2,2,2,2,2,2,2,2,3,3,1,3,3,3,2,0.00117680718304529
3,3,2,2,2,3,2,2,2,2,2,2,2,2,2,3,3,3,3,3,3,2,0.00198432401877451
3,3,2,2,2,3,2,2,2,2,2,2,2,2,2,3,3,2,2,3,3,2,0.00327884791243098
3,3,2,2,2,3,2,2,2,2,2,2,2,2,2,3,3,2,4,3,3,2,-0.00160646076199072
3,3,2,2,2,3,2,2,2,2,2,2,2,2,2,3,3,2,3,2,3,2,0.00246014402362187
3,3,2,2,2,3,2,2,2,2,2,2,2,2,2,3,3,2,3,4,3,2,0.000475519622136782
3,3,2,2,2,3,2,2,2,2,2,2,2,2,2,3,3,2,3,3,2,2,-0.000127004219208347
3,3,2,2,2,3,2,2,2,2,2,2,2,2,2,3,3,2,3,3,4,2,-0.000500651965803193
3,3,2,2,2,3,2,2,2,2,2,2,2,2,2,3,3,2,3,3,3,1,-0.000931764235618425
3,3,2,2,2,3,2,2,2,2,2,2,2,2,2,3,3,2,3,3,3,3,-0.000924407346162149
3,3,2,2,2,2,2,2,2,2,2,2,2,2,2,2,3,2,3,3,3,2,0.00130708985518927
5,3,2,2,2,2,2,2,2,2,2,2,2,2,2,2,3,2,3,3,3,2,0.00113294382728028
4,2,2,2,2,2,2,2,2,2,2,2,2,2,2,2,3,2,3,3,3,2,-0.00026568527990384
4,4,2,2,2,2,2,2,2,2,2,2,2,2,2,2,3,2,3,3,3,2,-0.000287255241301497
4,3,1,2,2,2,2,2,2,2,2,2,2,2,2,2,3,2,3,3,3,2,0.00245259466780916
4,3,3,2,2,2,2,2,2,2,2,2,2,2,2,2,3,2,3,3,3,2,-0.00301553494151496
4,3,2,1,2,2,2,2,2,2,2,2,2,2,2,2,3,2,3,3,3,2,0.000935952476667511
4,3,2,3,2,2,2,2,2,2,2,2,2,2,2,2,3,2,3,3,3,2,0.00139275476987956
4,3,2,2,1,2,2,2,2,2,2,2,2,2,2,2,3,2,3,3,3,2,0.000574165876951609
4,3,2,2,3,2,2,2,2,2,2,2,2,2,2,2,3,2,3,3,3,2,0.00117072551532953
4,3,2,2,2,1,2,2,2,2,2,2,2,2,2,2,3,2,3,3,3,2,-9.45692827256361e-06
4,3,2,2,2,2,1,2,2,2,2,2,2,2,2,2,3,2,3,3,3,2,-0.000197618355351467
4,3,2,2,2,2,3,2,2,2,2,2,2,2,2,2,3,2,3,3,3,2,0.000382336197043503
4,3,2,2,2,2,2,1,2,2,2,2,2,2,2,2,3,2,3,3,3,2,0.00304790022506933
4,3,2,2,2,2,2,2,1,2,2,2,2,2,2,2,3,2,3,3,3,2,0.00583461373589433
4,3,2,2,2,2,2,2,3,2,2,2,2,2,2,2,3,2,3,3,3,2,-0.00162304367138172
4,3,2,2,2,2,2,2,2,1,2,2,2,2,2,2,3,2,3,3,3,2,-0.00111143078949148
4,3,2,2,2,2,2,2,2,3,2,2,2,2,2,2,3,2,3,3,3,2,-0.00106339472387081
4,3,2,2,2,2,2,2,2,2,1,2,2,2,2,2,3,2,3,3,3,2,0.000361495598528737
4,3,2,2,2,2,2,2,2,2,2,1,2,2,2,2,3,2,3,3,3,2,0.00105595771287182
4,3,2,2,2,2,2,2,2,2,2,3,2,2,2,2,3,2,3,3,3,2,0.00156215510357019
4,3,2,2,2,2,2,2,2,2,2,2,1,2,2,2,3,2,3,3,3,2,-0.00119810089270282
4,3,2,2,2,2,2,2,2,2,2,2,3,2,2,2,3,2,3,3,3,2,0.00204757859032272
4,3,2,2,2,2,2,2,2,2,2,2,2,1,2,2,3,2,3,3,3,2,6.04296189713418e-05
4,3,2,2,2,2,2,2,2,2,2,2,2,3,2,2,3,2,3,3,3,2,-0.000319672608418281
4,3,2,2,2,2,2,2,2,2,2,2,2,2,1,2,3,2,3,3,3,2,-0.000235205736297616
4,3,2,2,2,2,2,2,2,2,2,2,2,2,2,1,3,2,3,3,3,2,0.00153876932878495
4,3,2,2,2,2,2,2,2,2,2,2,2,2,2,2,2,2,3,3,3,2,-0.000217439759684533
4,3,2,2,2,2,2,2,2,2,2,2,2,2,2,2,4,2,3,3,3,2,-0.000151777764115741
4,3,2,2,2,2,2,2,2,2,2,2,2,2,2,2,3,1,3,3,3,2,0.0041104164197464
4,3,2,2,2,2,2,2,2,2,2,2,2,2,2,2,3,3,3,3,3,2,-0.000715437041023324
4,3,2,2,2,2,2,2,2,2,2,2,2,2,2,2,3,2,2,3,3,2,0.0071893463984467
4,3,2,2,2,2,2,2,2,2,2,2,2,2,2,2,3,2,4,3,3,2,-0.00485809054540645
4,3,2,2,2,2,2,2,2,2,2,2,2,2,2,2,3,2,3,2,3,2,0.000544702043538793
4,3,2,2,2,2,2,2,2,2,2,2,2,2,2,2,3,2,3,4,3,2,0.00242100548384569
4,3,2,2,2,2,2,2,2,2,2,2,2,2,2,2,3,2,3,3,2,2,-0.000122956345832663
4,3,2,2,2,2,2,2,2,2,2,2,2,2,2,2,3,2,3,3,4,2,-0.000514215737112585
4,3,2,2,2,2,2,2,2,2,2,2,2,2,2,2,3,2,3,3,3,1,-0.000945171786116339
4,3,2,2,2,2,2,2,2,2,2,2,2,2,2,2,3,2,3,3,3,3,-0.000937468134437451
3,3,2,2,2,3,2,2,2,2,2,2,2,2,3,2,3,2,3,3,3,2,0.000659190839749678
5,3,2,2,2,3,2,2,2,2,2,2,2,2,3,2,3,2,3,3,3,2,-0.000800954201450655
4,2,2,2,2,3,2,2,2,2,2,2,2,2,3,2,3,2,3,3,3,2,-0.00169927677143974
4,4,2,2,2,3,2,2,2,2,2,2,2,2,3,2,3,2,3,3,3,2,-0.00170006484693302
4,3,1,2,2,3,2,2,2,2,2,2,2,2,3,2,3,2,3,3,3,2,0.000441636402094276
4,3,3,2,2,3,2,2,2,2,2,2,2,2,3,2,3,2,3,3,3,2,-0.0036143545081979
4,3,2,1,2,3,2,2,2,2,2,2,2,2,3,2,3,2,3,3,3,2,-0.000249204687478622
4,3,2,3,2,3,2,2,2,2,2,2,2,2,3,2,3,2,3,3,3,2,-0.000232515056657764
4,3,2,2,1,3,2,2,2,2,2,2,2,2,3,2,3,2,3,3,3,2,-0.000547309826476082
4,3,2,2,3,3,2,2,2,2,2,2,2,2,3,2,3,2,3,3,3,2,-0.000525514051202874
4,3,2,2,2,4,2,2,2,2,2,2,2,2,3,2,3,2,3,3,3,2,-0.00118618232847834
4,3,2,2,2,3,1,2,2,2,2,2,2,2,3,2,3,2,3,3,3,2,-0.00165257813077651
4,3,2,2,2,3,3,2,2,2,2,2,2,2,3,2,3,2,3,3,3,2,-0.000999911943482594
4,3,2,2,2,3,2,1,2,2,2,2,2,2,3,2,3,2,3,3,3,2,0.00175901657894273
4,3,2,2,2,3,2,2,1,2,2,2,2,2,3,2,3,2,3,3,3,2,0.00439868699812703
4,3,2,2,2,3,2,2,3,2,2,2,2,2,3,2,3,2,3,3,3,2,-0.00280356906467157
4,3,2,2,2,3,2,2,2,1,2,2,2,2,3,2,3,2,3,3,3,2,-0.0025216145209586
4,3,2,2,2,3,2,2,2,3,2,2,2,2,3,2,3,2,3,3,3,2,-0.00251985948554564
4,3,2,2,2,3,2,2,2,2,1,2,2,2,3,2,3,2,3,3,3,2,0.000295507417973279
4,3,2,2,2,3,2,2,2,2,2,1,2,2,3,2,3,2,3,3,3,2,-0.000378229758359648
4,3,2,2,2,3,2,2,2,2,2,3,2,2,3,2,3,2,3,3,3,2,0.000193954697678848
4,3,2,2,2,3,2,2,2,2,2,2,1,2,3,2,3,2,3,3,3,2,-0.00265075255494762
4,3,2,2,2,3,2,2,2,2,2,2,3,2,3,2,3,2,3,3,3,2,0.000642009820868763
4,3,2,2,2,3,2,2,2,2,2,2,2,1,3,2,3,2,3,3,3,2,-0.00185783592892655
4,3,2,2,2,3,2,2,2,2,2,2,2,3,3,2,3,2,3,3,3,2,-0.00121616764500316
4,3,2,2,2,3,2,2,2,2,2,2,2,2,4,2,3,2,3,3,3,2,-0.000601677481482538
4,3,2,2,2,3,2,2,2,2,2,2,2,2,3,1,3,2,3,3,3,2,-0.00181550140145547
4,3,2,2,2,3,2,2,2,2,2,2,2,2,3,2,2,2,3,3,3,2,-0.00160786203009187
4,3,2,2,2,3,2,2,2,2,2,2,2,2,3,2,4,2,3,3,3,2,-0.00160546301747454
4,3,2,2,2,3,2,2,2,2,2,2,2,2,3,2,3,1,3,3,3,2,0.00268071286860128
4,3,2,2,2,3,2,2,2,2,2,2,2,2,3,2,3,3,3,3,3,2,-0.00188363191359675
4,3,2,2,2,3,2,2,2,2,2,2,2,2,3,2,3,2,2,3,3,2,0.00591302741781652
4,3,2,2,2,3,2,2,2,2,2,2,2,2,3,2,3,2,4,3,3,2,-0.00620665336982566
4,3,2,2,2,3,2,2,2,2,2,2,2,2,3,2,3,2,3,2,3,2,-0.00142854747490892
4,3,2,2,2,3,2,2,2,2,2,2,2,2,3,2,3,2,3,4,3,2,0.0014188137904574
4,3,2,2,2,3,2,2,2,2,2,2,2,2,3,2,3,2,3,3,2,2,-0.00173516487315724
4,3,2,2,2,3,2,2,2,2,2,2,2,2,3,2,3,2,3,3,4,2,-0.00174945984254045
4,3,2,2,2,3,2,2,2,2,2,2,2,2,3,2,3,2,3,3,3,1,-0.00237296113334254
4,3,2,2,2,3,2,2,2,2,2,2,2,2,3,2,3,2,3,3,3,3,-0.00237267967437352
3,3,2,2,2,3,2,2,2,2,3,2,2,2,3,2,3,2,3,3,3,2,-0.000169222578172018
5,3,2,2,2,3,2,2,2,2,3,2,2,2,3,2,3,2,3,3,3,2,-0.00204925249316778
4,2,2,2,2,3,2,2,2,2,3,2,2,2,3,2,3,2,3,3,3,2,-0.00269842517760297
4,4,2,2,2,3,2,2,2,2,3,2,2,2,3,2,3,2,3,3,3,2,-0.0027088337110711
4,3,1,2,2,3,2,2,2,2,3,2,2,2,3,2,3,2,3,3,3,2,-0.000361945007269497
4,3,3,2,2,3,2,2,2,2,3,2,2,2,3,2,3,2,3,3,3,2,-0.00499855070758574
4,3,2,1,2,3,2,2,2,2,3,2,2,2,3,2,3,2,3,3,3,2,-0.00136915088830133
4,3,2,3,2,3,2,2,2,2,3,2,2,2,3,2,3,2,3,3,3,2,-0.00114872203033805
4,3,2,2,1,3,2,2,2,2,3,2,2,2,3,2,3,2,3,3,3,2,-0.00169556247421556
4,3,2,2,3,3,2,2,2,2,3,2,2,2,3,2,3,2,3,3,3,2,-0.00140769404240453
4,3,2,2,2,4,2,2,2,2,3,2,2,2,3,2,3,2,3,3,3,2,-0.00169543107252394
4,3,2,2,2,3,1,2,2,2,3,2,2,2,3,2,3,2,3,3,3,2,-0.00263971802450318
4,3,2,2,2,3,3,2,2,2,3,2,2,2,3,2,3,2,3,3,3,2,-0.00202422322385078
4,3,2,2,2,3,2,1,2,2,3,2,2,2,3,2,3,2,3,3,3,2,-0.00046912217718161
4,3,2,2,2,3,2,3,2,2,3,2,2,2,3,2,3,2,3,3,3,2,0.000648229125661004
4,3,2,2,2,3,2,2,1,2,3,2,2,2,3,2,3,2,3,3,3,2,-0.00147667386829898
4,3,2,2,2,3,2,2,3,2,3,2,2,2,3,2,3,2,3,3,3,2,0.00235277113715211
4,3,2,2,2,3,2,2,2,1,3,2,2,2,3,2,3,2,3,3,3,2,-0.00352833944074404
4,3,2,2,2,3,2,2,2,3,3,2,2,2,3,2,3,2,3,3,3,2,-0.00350515975175572
4,3,2,2,2,3,2,2,2,2,4,2,2,2,3,2,3,2,3,3,3,2,-0.00134630315924795
4,3,2,2,2,3,2,2,2,2,3,1,2,2,3,2,3,2,3,3,3,2,-0.00140108610497432
4,3,2,2,2,3,2,2,2,2,3,3,2,2,3,2,3,2,3,3,3,2,-0.00081907144258303
4,3,2,2,2,3,2,2,2,2,3,2,1,2,3,2,3,2,3,3,3,2,-0.00367118392005689
4,3,2,2,2,3,2,2,2,2,3,2,3,2,3,2,3,2,3,3,3,2,-0.000301565121215662
4,3,2,2,2,3,2,2,2,2,3,2,2,1,3,2,3,2,3,3,3,2,-0.00261912780333484
4,3,2,2,2,3,2,2,2,2,3,2,2,3,3,2,3,2,3,3,3,2,-0.00246593570958601
4,3,2,2,2,3,2,2,2,2,3,2,2,2,4,2,3,2,3,3,3,2,-0.00190467950202062
4,3,2,2,2,3,2,2,2,2,3,2,2,2,3,1,3,2,3,3,3,2,-0.00151524228722345
4,3,2,2,2,3,2,2,2,2,3,2,2,2,3,2,2,2,3,3,3,2,-0.00262736378607272
4,3,2,2,2,3,2,2,2,2,3,2,2,2,3,2,4,2,3,3,3,2,-0.002595678746593
4,3,2,2,2,3,2,2,2,2,3,2,2,2,3,2,3,1,3,3,3,2,0.00138319134725996
4,3,2,2,2,3,2,2,2,2,3,2,2,2,3,2,3,3,3,3,3,2,-0.00269935807927867
4,3,2,2,2,3,2,2,2,2,3,2,2,2,3,2,3,2,2,3,3,2,0.000962210396833549
4,3,2,2,2,3,2,2,2,2,3,2,2,2,3,2,3,2,4,3,3,2,-0.00402094839738581
4,3,2,2,2,3,2,2,2,2,3,2,2,2,3,2,3,2,3,2,3,2,-0.00240682337444447
4,3,2,2,2,3,2,2,2,2,3,2,2,2,3,2,3,2,3,4,3,2,0.000348297083910493
4,3,2,2,2,3,2,2,2,2,3,2,2,2,3,2,3,2,3,3,2,2,-0.0026514576769555
4,3,2,2,2,3,2,2,2,2,3,2,2,2,3,2,3,2,3,3,4,2,-0.00284025896378974
4,3,2,2,2,3,2,2,2,2,3,2,2,2,3,2,3,2,3,3,3,1,-0.003372123180483
4,3,2,2,2,3,2,2,2,2,3,2,2,2,3,2,3,2,3,3,3,3,-0.00336840580172422
5,3,2,2,2,3,2,2,2,2,2,2,2,2,2,3,3,1,3,3,3,2,0.00175588265823421
4,2,2,2,2,3,2,2,2,2,2,2,2,2,2,3,3,1,3,3,3,2,2.55845524419482e-05
4,4,2,2,2,3,2,2,2,2,2,2,2,2,2,3,3,1,3,3,3,2,3.8628101605094e-06
4,3,1,2,2,3,2,2,2,2,2,2,2,2,2,3,3,1,3,3,3,2,0.000217896731595603
4,3,3,2,2,3,2,2,2,2,2,2,2,2,2,3,3,1,3,3,3,2,-6.14991640286842e-05
4,3,2,1,2,3,2,2,2,2,2,2,2,2,2,3,3,1,3,3,3,2,0.0011836811738534
4,3,2,3,2,3,2,2,2,2,2,2,2,2,2,3,3,1,3,3,3,2,0.00164369783794354
4,3,2,2,1,3,2,2,2,2,2,2,2,2,2,3,3,1,3,3,3,2,0.000829883216279553
4,3,2,2,3,3,2,2,2,2,2,2,2,2,2,3,3,1,3,3,3,2,0.00143064065304236
4,3,2,2,2,2,2,2,2,2,2,2,2,2,2,3,3,1,3,3,3,2,0.00215898740859056
4,3,2,2,2,4,2,2,2,2,2,2,2,2,2,3,3,1,3,3,3,2,0.00032265009997112
4,3,2,2,2,3,1,2,2,2,2,2,2,2,2,3,3,1,3,3,3,2,0.000474068753565351
4,3,2,2,2,3,3,2,2,2,2,2,2,2,2,3,3,1,3,3,3,2,0.000266236717877088
4,3,2,2,2,3,2,1,2,2,2,2,2,2,2,3,3,1,3,3,3,2,0.00401424939490773
4,3,2,2,2,3,2,2,1,2,2,2,2,2,2,3,3,1,3,3,3,2,0.00635156146822446
4,3,2,2,2,3,2,2,2,1,2,2,2,2,2,3,3,1,3,3,3,2,-0.00079684677897808
4,3,2,2,2,3,2,2,2,3,2,2,2,2,2,3,3,1,3,3,3,2,-0.000748472699007031
4,3,2,2,2,3,2,2,2,2,1,2,2,2,2,3,3,1,3,3,3,2,0.000678008953969409
4,3,2,2,2,3,2,2,2,2,2,1,2,2,2,3,3,1,3,3,3,2,0.00169314264903864
4,3,2,2,2,3,2,2,2,2,2,3,2,2,2,3,3,1,3,3,3,2,0.00141040854493365
4,3,2,2,2,3,2,2,2,2,2,2,1,2,2,3,3,1,3,3,3,2,1.27567515436048e-05
4,3,2,2,2,3,2,2,2,2,2,2,3,2,2,3,3,1,3,3,3,2,0.00128191004120999
4,3,2,2,2,3,2,2,2,2,2,2,2,1,2,3,3,1,3,3,3,2,0.000742847965087759
4,3,2,2,2,3,2,2,2,2,2,2,2,3,2,3,3,1,3,3,3,2,-0.000430603490063579
4,3,2,2,2,3,2,2,2,2,2,2,2,2,1,3,3,1,3,3,3,2,-0.00304294602593603
4,3,2,2,2,3,2,2,2,2,2,2,2,2,3,3,3,1,3,3,3,2,0.00406943319213168
4,3,2,2,2,3,2,2,2,2,2,2,2,2,2,4,3,1,3,3,3,2,-0.00181062819970552
4,3,2,2,2,3,2,2,2,2,2,2,2,2,2,3,2,1,3,3,3,2,7.08544489948863e-05
4,3,2,2,2,3,2,2,2,2,2,2,2,2,2,3,4,1,3,3,3,2,0.000136978486916392
4,3,2,2,2,3,2,2,2,2,2,2,2,2,2,3,3,0,3,3,3,2,-0.0006079051855679
4,3,2,2,2,3,2,2,2,2,2,2,2,2,2,3,3,1,2,3,3,2,0.00282059191853221
4,3,2,2,2,3,2,2,2,2,2,2,2,2,2,3,3,1,4,3,3,2,-0.000750332216556137
4,3,2,2,2,3,2,2,2,2,2,2,2,2,2,3,3,1,3,2,3,2,0.00217284677194966
4,3,2,2,2,3,2,2,2,2,2,2,2,2,2,3,3,1,3,4,3,2,0.00119311984244001
4,3,2,2,2,3,2,2,2,2,2,2,2,2,2,3,3,1,3,3,2,2,0.000170837704907708
4,3,2,2,2,3,2,2,2,2,2,2,2,2,2,3,3,1,3,3,4,2,-0.00022317485292109
4,3,2,2,2,3,2,2,2,2,2,2,2,2,2,3,3,1,3,3,3,1,-0.000634690083734281
4,3,2,2,2,3,2,2,2,2,2,2,2,2,2,3,3,1,3,3,3,3,-0.000626932223935141
3,3,2,2,2,3,2,2,2,2,3,2,2,2,2,3,3,1,3,3,3,2,-4.75476520054225e-05
5,3,2,2,2,3,2,2,2,2,3,2,2,2,2,3,3,1,3,3,3,2,0.000296770259750179
4,2,2,2,2,3,2,2,2,2,3,2,2,2,2,3,3,1,3,3,3,2,-0.00127284450344533
4,4,2,2,2,3,2,2,2,2,3,2,2,2,2,3,3,1,3,3,3,2,-0.00130359902868791
4,3,1,2,2,3,2,2,2,2,3,2,2,2,2,3,3,1,3,3,3,2,-0.000781037561415688
4,3,3,2,2,3,2,2,2,2,3,2,2,2,2,3,3,1,3,3,3,2,-0.00182613026443927
4,3,2,1,2,3,2,2,2,2,3,2,2,2,2,3,3,1,3,3,3,2,-0.000203257092942811
4,3,2,3,2,3,2,2,2,2,3,2,2,2,2,3,3,1,3,3,3,2,0.00044805318983713
4,3,2,2,1,3,2,2,2,2,3,2,2,2,2,3,3,1,3,3,3,2,-0.000588678990353226
4,3,2,2,3,3,2,2,2,2,3,2,2,2,2,3,3,1,3,3,3,2,0.000261897796455218
4,3,2,2,2,2,2,2,2,2,3,2,2,2,2,3,3,1,3,3,3,2,0.000303474674759554
4,3,2,2,2,4,2,2,2,2,3,2,2,2,2,3,3,1,3,3,3,2,-0.000453796743385079
4,3,2,2,2,3,1,2,2,2,3,2,2,2,2,3,3,1,3,3,3,2,-0.000815212882961453
4,3,2,2,2,3,3,2,2,2,3,2,2,2,2,3,3,1,3,3,3,2,-0.001041520480721
4,3,2,2,2,3,2,1,2,2,3,2,2,2,2,3,3,1,3,3,3,2,0.00183360613019716
4,3,2,2,2,3,2,2,1,2,3,2,2,2,2,3,3,1,3,3,3,2,-0.000198288336945972
4,3,2,2,2,3,2,2,2,1,3,2,2,2,2,3,3,1,3,3,3,2,-0.00211640942443191
4,3,2,2,2,3,2,2,2,3,3,2,2,2,2,3,3,1,3,3,3,2,-0.0020479194366453
4,3,2,2,2,3,2,2,2,2,4,2,2,2,2,3,3,1,3,3,3,2,-0.0016786225216116
4,3,2,2,2,3,2,2,2,2,3,1,2,2,2,3,3,1,3,3,3,2,0.000390340653433833
4,3,2,2,2,3,2,2,2,2,3,3,2,2,2,3,3,1,3,3,3,2,0.000135369952333598
4,3,2,2,2,3,2,2,2,2,3,2,1,2,2,3,3,1,3,3,3,2,-0.00131912876519384
4,3,2,2,2,3,2,2,2,2,3,2,3,2,2,3,3,1,3,3,3,2,6.99356086597929e-05
4,3,2,2,2,3,2,2,2,2,3,2,2,1,2,3,3,1,3,3,3,2,-0.000337699407572024
4,3,2,2,2,3,2,2,2,2,3,2,2,3,2,3,3,1,3,3,3,2,-0.00195385359089446
4,3,2,2,2,3,2,2,2,2,3,2,2,2,1,3,3,1,3,3,3,2,-0.00351267620293888
4,3,2,2,2,3,2,2,2,2,3,2,2,2,3,3,3,1,3,3,3,2,0.00168394981308161
4,3,2,2,2,3,2,2,2,2,3,2,2,2,2,4,3,1,3,3,3,2,-0.00389358786290277
4,3,2,2,2,3,2,2,2,2,3,2,2,2,2,3,2,1,3,3,3,2,-0.00124509651465551
4,3,2,2,2,3,2,2,2,2,3,2,2,2,2,3,4,1,3,3,3,2,-0.00115147541524949
4,3,2,2,2,3,2,2,2,2,3,2,2,2,2,3,3,0,3,3,3,2,-0.00115598882059496
4,3,2,2,2,3,2,2,2,2,3,2,2,2,2,3,3,1,2,3,3,2,-0.00278559428287985
4,3,2,2,2,3,2,2,2,2,3,2,2,2,2,3,3,1,4,3,3,2,0.00124440157396527
4,3,2,2,2,3,2,2,2,2,3,2,2,2,2,3,3,1,3,2,3,2,0.000899297886942167
4,3,2,2,2,3,2,2,2,2,3,2,2,2,2,3,3,1,3,4,3,2,-0.000121214633499878
4,3,2,2,2,3,2,2,2,2,3,2,2,2,2,3,3,1,3,3,2,2,-0.00105052517778834
4,3,2,2,2,3,2,2,2,2,3,2,2,2,2,3,3,1,3,3,4,2,-0.00160838416527939
4,3,2,2,2,3,2,2,2,2,3,2,2,2,2,3,3,1,3,3,3,1,-0.00194462613190974
4,3,2,2,2,3,2,2,2,2,3,2,2,2,2,3,3,1,3,3,3,3,-0.00193364223881636
3,3,2,2,2,3,2,2,2,2,3,2,2,2,2,2,3,2,2,3,3,2,0.00267318032388729
5,3,2,2,2,3,2,2,2,2,3,2,2,2,2,2,3,2,2,3,3,2,-0.000243147294071599
4,2,2,2,2,3,2,2,2,2,3,2,2,2,2,2,3,2,2,3,3,2,-0.00040224650032316
4,4,2,2,2,3,2,2,2,2,3,2,2,2,2,2,3,2,2,3,3,2,-0.000410940248687818
4,3,1,2,2,3,2,2,2,2,3,2,2,2,2,2,3,2,2,3,3,2,-0.000928711530342569
4,3,3,2,2,3,2,2,2,2,3,2,2,2,2,2,3,2,2,3,3,2,0.000640839143444003
4,3,2,1,2,3,2,2,2,2,3,2,2,2,2,2,3,2,2,3,3,2,0.000935221874263226
4,3,2,3,2,3,2,2,2,2,3,2,2,2,2,2,3,2,2,3,3,2,0.00111933551806647
4,3,2,2,1,3,2,2,2,2,3,2,2,2,2,2,3,2,2,3,3,2,0.000616557850685474
4,3,2,2,3,3,2,2,2,2,3,2,2,2,2,2,3,2,2,3,3,2,0.000857000533219739
4,3,2,2,2,2,2,2,2,2,3,2,2,2,2,2,3,2,2,3,3,2,0.00295581936343629
4,3,2,2,2,4,2,2,2,2,3,2,2,2,2,2,3,2,2,3,3,2,-0.00138816684089405
4,3,2,2,2,3,1,2,2,2,3,2,2,2,2,2,3,2,2,3,3,2,-8.49574636309149e-05
4,3,2,2,2,3,3,2,2,2,3,2,2,2,2,2,3,2,2,3,3,2,4.35057705466254e-06
4,3,2,2,2,3,2,1,2,2,3,2,2,2,2,2,3,2,2,3,3,2,0.00263049882549949
4,3,2,2,2,3,2,3,2,2,3,2,2,2,2,2,3,2,2,3,3,2,0.00206429339116322
4,3,2,2,2,3,2,2,1,2,3,2,2,2,2,2,3,2,2,3,3,2,0.00103804500698039
4,3,2,2,2,3,2,2,3,2,3,2,2,2,2,2,3,2,2,3,3,2,0.00427542500264575
4,3,2,2,2,3,2,2,2,1,3,2,2,2,2,2,3,2,2,3,3,2,-0.00122330360499659
4,3,2,2,2,3,2,2,2,3,3,2,2,2,2,2,3,2,2,3,3,2,-0.00120394272347998
4,3,2,2,2,3,2,2,2,2,4,2,2,2,2,2,3,2,2,3,3,2,-0.00197628576504214
4,3,2,2,2,3,2,2,2,2,3,1,2,2,2,2,3,2,2,3,3,2,0.0012085969424816
4,3,2,2,2,3,2,2,2,2,3,3,2,2,2,2,3,2,2,3,3,2,0.00113355470137962
4,3,2,2,2,3,2,2,2,2,3,2,1,2,2,2,3,2,2,3,3,2,-0.00050343829968731
4,3,2,2,2,3,2,2,2,2,3,2,3,2,2,2,3,2,2,3,3,2,0.000953486966692168
4,3,2,2,2,3,2,2,2,2,3,2,2,1,2,2,3,2,2,3,3,2,-0.000129384432888584
4,3,2,2,2,3,2,2,2,2,3,2,2,3,2,2,3,2,2,3,3,2,-0.000386216791722656
4,3,2,2,2,3,2,2,2,2,3,2,2,2,1,2,3,2,2,3,3,2,-0.00138537230543225
4,3,2,2,2,3,2,2,2,2,3,2,2,2,2,1,3,2,2,3,3,2,0.00437995368246261
4,3,2,2,2,3,2,2,2,2,3,2,2,2,2,2,2,2,2,3,3,2,-0.000328407593453157
4,3,2,2,2,3,2,2,2,2,3,2,2,2,2,2,4,2,2,3,3,2,-0.000301942600953836
4,3,2,2,2,3,2,2,2,2,3,2,2,2,2,2,3,1,2,3,3,2,0.00251519834657557
4,3,2,2,2,3,2,2,2,2,3,2,2,2,2,2,3,3,2,3,3,2,0.000541527689670045
4,3,2,2,2,3,2,2,2,2,3,2,2,2,2,2,3,2,1,3,3,2,0.0015775663987986
4,3,2,2,2,3,2,2,2,2,3,2,2,2,2,2,3,2,2,2,3,2,0.00060094086821274
4,3,2,2,2,3,2,2,2,2,3,2,2,2,2,2,3,2,2,4,3,2,0.00191423496005125
4,3,2,2,2,3,2,2,2,2,3,2,2,2,2,2,3,2,2,3,2,2,-0.000369657625539836
4,3,2,2,2,3,2,2,2,2,3,2,2,2,2,2,3,2,2,3,4,2,-0.000527354277398185
4,3,2,2,2,3,2,2,2,2,3,2,2,2,2,2,3,2,2,3,3,1,-0.00106978772316311
4,3,2,2,2,3,2,2,2,2,3,2,2,2,2,2,3,2,2,3,3,3,-0.00106668277513134
3,3,2,2,2,3,2,3,2,2,3,2,2,2,2,2,3,2,3,3,3,2,0.00264348293305698
5,3,2,2,2,3,2,3,2,2,3,2,2,2,2,2,3,2,3,3,3,2,0.00126779725526875
4,2,2,2,2,3,2,3,2,2,3,2,2,2,2,2,3,2,3,3,3,2,0.000352731946920382
4,4,2,2,2,3,2,3,2,2,3,2,2,2,2,2,3,2,3,3,3,2,0.000327878000740443
4,3,1,2,2,3,2,3,2,2,3,2,2,2,2,2,3,2,3,3,3,2,0.00207744130671709
4,3,3,2,2,3,2,3,2,2,3,2,2,2,2,2,3,2,3,3,3,2,-0.00148547555571187
4,3,2,1,2,3,2,3,2,2,3,2,2,2,2,2,3,2,3,3,3,2,0.00157654415587189
4,3,2,3,2,3,2,3,2,2,3,2,2,2,2,2,3,2,3,3,3,2,0.00210289371214024
4,3,2,2,1,3,2,3,2,2,3,2,2,2,2,2,3,2,3,3,3,2,0.00119224843600158
4,3,2,2,3,3,2,3,2,2,3,2,2,2,2,2,3,2,3,3,3,2,0.00187963312214214
4,3,2,2,2,2,2,3,2,2,3,2,2,2,2,2,3,2,3,3,3,2,0.00255168601539191
4,3,2,2,2,4,2,3,2,2,3,2,2,2,2,2,3,2,3,3,3,2,0.000207343267788133
4,3,2,2,2,3,1,3,2,2,3,2,2,2,2,2,3,2,3,3,3,2,0.000594495193211207
4,3,2,2,2,3,3,3,2,2,3,2,2,2,2,2,3,2,3,3,3,2,0.000855880554511368
4,3,2,2,2,3,2,4,2,2,3,2,2,2,2,2,3,2,3,3,3,2,0.00317553493269849
4,3,2,2,2,3,2,3,1,2,3,2,2,2,2,2,3,2,3,3,3,2,0.00181924499312611
4,3,2,2,2,3,2,3,3,2,3,2,2,2,2,2,3,2,3,3,3,2,0.00515948352553879
4,3,2,2,2,3,2,3,2,1,3,2,2,2,2,2,3,2,3,3,3,2,-0.000531288652573397
4,3,2,2,2,3,2,3,2,3,3,2,2,2,2,2,3,2,3,3,3,2,-0.000475939189140327
4,3,2,2,2,3,2,3,2,2,4,2,2,2,2,2,3,2,3,3,3,2,0.00289205939712209
4,3,2,2,2,3,2,3,2,2,3,1,2,2,2,2,3,2,3,3,3,2,0.00189188209501434
4,3,2,2,2,3,2,3,2,2,3,3,2,2,2,2,3,2,3,3,3,2,0.00209133903702151
4,3,2,2,2,3,2,3,2,2,3,2,1,2,2,2,3,2,3,3,3,2,0.000142448946770824
4,3,2,2,2,3,2,3,2,2,3,2,3,2,2,2,3,2,3,3,3,2,0.00193366856889416
4,3,2,2,2,3,2,3,2,2,3,2,2,1,2,2,3,2,3,3,3,2,0.000920449437000965
4,3,2,2,2,3,2,3,2,2,3,2,2,3,2,2,3,2,3,3,3,2,7.07842903668998e-05
4,3,2,2,2,3,2,3,2,2,3,2,2,2,1,2,3,2,3,3,3,2,0.000151675748146491
4,3,2,2,2,3,2,3,2,2,3,2,2,2,2,1,3,2,3,3,3,2,0.00200509548987373
4,3,2,2,2,3,2,3,2,2,3,2,2,2,2,2,2,2,3,3,3,2,0.000398072501391078
4,3,2,2,2,3,2,3,2,2,3,2,2,2,2,2,4,2,3,3,3,2,0.000473731408416809
4,3,2,2,2,3,2,3,2,2,3,2,2,2,2,2,3,1,3,3,3,2,0.00280384229596639
4,3,2,2,2,3,2,3,2,2,3,2,2,2,2,2,3,3,3,3,3,2,0.00197531453898752
4,3,2,2,2,3,2,3,2,2,3,2,2,2,2,2,3,2,4,3,3,2,0.000861464512428781
4,3,2,2,2,3,2,3,2,2,3,2,2,2,2,2,3,2,3,2,3,2,0.000289897819107946
4,3,2,2,2,3,2,3,2,2,3,2,2,2,2,2,3,2,3,4,3,2,0.00371225646317056
4,3,2,2,2,3,2,3,2,2,3,2,2,2,2,2,3,2,3,3,2,2,0.000521890522076375
4,3,2,2,2,3,2,3,2,2,3,2,2,2,2,2,3,2,3,3,4,2,7.10626474219586e-05
4,3,2,2,2,3,2,3,2,2,3,2,2,2,2,2,3,2,3,3,3,1,-0.000356018623865468
4,3,2,2,2,3,2,3,2,2,3,2,2,2,2,2,3,2,3,3,3,3,-0.000347142106161622
3,3,2,2,2,3,2,2,2,2,3,2,2,2,2,3,3,2,2,3,3,2,-0.00213316264963175
5,3,2,2,2,3,2,2,2,2,3,2,2,2,2,3,3,2,2,3,3,2,-0.00360619668687468
4,2,2,2,2,3,2,2,2,2,3,2,2,2,2,3,3,2,2,3,3,2,-0.00441022846988463
4,4,2,2,2,3,2,2,2,2,3,2,2,2,2,3,3,2,2,3,3,2,-0.00443053562020329
4,3,1,2,2,3,2,2,2,2,3,2,2,2,2,3,3,2,2,3,3,2,-0.00550397851563686
4,3,3,2,2,3,2,2,2,2,3,2,2,2,2,3,3,2,2,3,3,2,-0.00294955392178359
4,3,2,1,2,3,2,2,2,2,3,2,2,2,2,3,3,2,2,3,3,2,-0.00319338802025448
4,3,2,3,2,3,2,2,2,2,3,2,2,2,2,3,3,2,2,3,3,2,-0.00276332916835557
4,3,2,2,1,3,2,2,2,2,3,2,2,2,2,3,3,2,2,3,3,2,-0.00355132661032656
4,3,2,2,3,3,2,2,2,2,3,2,2,2,2,3,3,2,2,3,3,2,-0.00298969249206059
4,3,2,2,2,2,2,2,2,2,3,2,2,2,2,3,3,2,2,3,3,2,-0.00300380049905034
4,3,2,2,2,4,2,2,2,2,3,2,2,2,2,3,3,2,2,3,3,2,-0.0033410160245851
4,3,2,2,2,3,1,2,2,2,3,2,2,2,2,3,3,2,2,3,3,2,-0.00384642231321428
4,3,2,2,2,3,3,2,2,2,3,2,2,2,2,3,3,2,2,3,3,2,-0.00426305885782447
4,3,2,2,2,3,2,1,2,2,3,2,2,2,2,3,3,2,2,3,3,2,-0.00108556931966593
4,3,2,2,2,3,2,2,1,2,3,2,2,2,2,3,3,2,2,3,3,2,-0.00377294531827693
4,3,2,2,2,3,2,2,2,1,3,2,2,2,2,3,3,2,2,3,3,2,-0.00525461159598106
4,3,2,2,2,3,2,2,2,3,3,2,2,2,2,3,3,2,2,3,3,2,-0.00520938779667551
4,3,2,2,2,3,2,2,2,2,4,2,2,2,2,3,3,2,2,3,3,2,-0.00761130106516948
4,3,2,2,2,3,2,2,2,2,3,1,2,2,2,3,3,2,2,3,3,2,-0.00257897384823603
4,3,2,2,2,3,2,2,2,2,3,3,2,2,2,3,3,2,2,3,3,2,-0.0030945145239223
4,3,2,2,2,3,2,2,2,2,3,2,1,2,2,3,3,2,2,3,3,2,-0.00421409094870379
4,3,2,2,2,3,2,2,2,2,3,2,3,2,2,3,3,2,2,3,3,2,-0.00332173011730221
4,3,2,2,2,3,2,2,2,2,3,2,2,1,2,3,3,2,2,3,3,2,-0.00362014827809477
4,3,2,2,2,3,2,2,2,2,3,2,2,3,2,3,3,2,2,3,3,2,-0.00493042328231607
4,3,2,2,2,3,2,2,2,2,3,2,2,2,1,3,3,2,2,3,3,2,-0.00655192453647236
4,3,2,2,2,3,2,2,2,2,3,2,2,2,3,3,3,2,2,3,3,2,-0.00150113040792819
4,3,2,2,2,3,2,2,2,2,3,2,2,2,2,4,3,2,2,3,3,2,-0.00831399363303366
4,3,2,2,2,3,2,2,2,2,3,2,2,2,2,3,2,2,2,3,3,2,-0.00435935297701748
4,3,2,2,2,3,2,2,2,2,3,2,2,2,2,3,4,2,2,3,3,2,-0.00429753515594421
4,3,2,2,2,3,2,2,2,2,3,2,2,2,2,3,3,3,2,3,3,2,-0.00235224217842041
4,3,2,2,2,3,2,2,2,2,3,2,2,2,2,3,3,2,1,3,3,2,-0.006123348790146
4,3,2,2,2,3,2,2,2,2,3,2,2,2,2,3,3,2,2,2,3,2,-0.00143531714855919
4,3,2,2,2,3,2,2,2,2,3,2,2,2,2,3,3,2,2,4,3,2,-0.00380844792282891
4,3,2,2,2,3,2,2,2,2,3,2,2,2,2,3,3,2,2,3,2,2,-0.00427835631359953
4,3,2,2,2,3,2,2,2,2,3,2,2,2,2,3,3,2,2,3,4,2,-0.00464670946573752
4,3,2,2,2,3,2,2,2,2,3,2,2,2,2,3,3,2,2,3,3,1,-0.00508941159056848
4,3,2,2,2,3,2,2,2,2,3,2,2,2,2,3,3,2,2,3,3,3,-0.0050821589483517
3,3,2,2,2,2,2,2,2,2,3,2,2,2,2,2,3,2,3,3,3,2,0.00117012902843716
5,3,2,2,2,2,2,2,2,2,3,2,2,2,2,2,3,2,3,3,3,2,0.000515925904138021
4,2,2,2,2,2,2,2,2,2,3,2,2,2,2,2,3,2,3,3,3,2,-0.000616639964678544
4,4,2,2,2,2,2,2,2,2,3,2,2,2,2,2,3,2,3,3,3,2,-0.000646610716439173
4,3,1,2,2,2,2,2,2,2,3,2,2,2,2,2,3,2,3,3,3,2,0.00219036201097094
4,3,3,2,2,2,2,2,2,2,3,2,2,2,2,2,3,2,3,3,3,2,-0.00358293467762877
4,3,2,1,2,2,2,2,2,2,3,2,2,2,2,2,3,2,3,3,3,2,0.000481524990280467
4,3,2,3,2,2,2,2,2,2,3,2,2,2,2,2,3,2,3,3,3,2,0.00111623674896847
4,3,2,2,1,2,2,2,2,2,3,2,2,2,2,2,3,2,3,3,3,2,9.46132857053441e-05
4,3,2,2,3,2,2,2,2,2,3,2,2,2,2,2,3,2,3,3,3,2,0.000923513277810628
4,3,2,2,2,1,2,2,2,2,3,2,2,2,2,2,3,2,3,3,3,2,-0.000185784816327911
4,3,2,2,2,2,1,2,2,2,3,2,2,2,2,2,3,2,3,3,3,2,-0.000524111368173892
4,3,2,2,2,2,3,2,2,2,3,2,2,2,2,2,3,2,3,3,3,2,-4.46777259763728e-06
4,3,2,2,2,2,2,1,2,2,3,2,2,2,2,2,3,2,3,3,3,2,0.00153797254132128
4,3,2,2,2,2,2,2,1,2,3,2,2,2,2,2,3,2,3,3,3,2,0.000654464081817672
4,3,2,2,2,2,2,2,3,2,3,2,2,2,2,2,3,2,3,3,3,2,0.00415324463750746
4,3,2,2,2,2,2,2,2,1,3,2,2,2,2,2,3,2,3,3,3,2,-0.00147013298110111
4,3,2,2,2,2,2,2,2,3,3,2,2,2,2,2,3,2,3,3,3,2,-0.00140338844819576
4,3,2,2,2,2,2,2,2,2,4,2,2,2,2,2,3,2,3,3,3,2,0.00029815766458559
4,3,2,2,2,2,2,2,2,2,3,1,2,2,2,2,3,2,3,3,3,2,0.000699805544712425
4,3,2,2,2,2,2,2,2,2,3,3,2,2,2,2,3,2,3,3,3,2,0.0011872655255806
4,3,2,2,2,2,2,2,2,2,3,2,1,2,2,2,3,2,3,3,3,2,-0.00153037089023819
4,3,2,2,2,2,2,2,2,2,3,2,3,2,2,2,3,2,3,3,3,2,0.00169365098420548
4,3,2,2,2,2,2,2,2,2,3,2,2,1,2,2,3,2,3,3,3,2,-6.8617465713061e-05
4,3,2,2,2,2,2,2,2,2,3,2,2,3,2,2,3,2,3,3,3,2,-0.000902969886738978
4,3,2,2,2,2,2,2,2,2,3,2,2,2,1,2,3,2,3,3,3,2,0.000226462297384746
4,3,2,2,2,2,2,2,2,2,3,2,2,2,2,1,3,2,3,3,3,2,0.00247377252506456
4,3,2,2,2,2,2,2,2,2,3,2,2,2,2,2,2,2,3,3,3,2,-0.000586039249189902
4,3,2,2,2,2,2,2,2,2,3,2,2,2,2,2,4,2,3,3,3,2,-0.000494804066473695
4,3,2,2,2,2,2,2,2,2,3,2,2,2,2,2,3,1,3,3,3,2,0.00347723135837454
4,3,2,2,2,2,2,2,2,2,3,2,2,2,2,2,3,3,3,3,3,2,-0.000899306437808933
4,3,2,2,2,2,2,2,2,2,3,2,2,2,2,2,3,2,4,3,3,2,-0.00204960512041381
4,3,2,2,2,2,2,2,2,2,3,2,2,2,2,2,3,2,3,2,3,2,0.000193175894222698
4,3,2,2,2,2,2,2,2,2,3,2,2,2,2,2,3,2,3,4,3,2,0.00200258545250082
4,3,2,2,2,2,2,2,2,2,3,2,2,2,2,2,3,2,3,3,2,2,-0.000401618505924325
4,3,2,2,2,2,2,2,2,2,3,2,2,2,2,2,3,2,3,3,4,2,-0.000945260558586384
4,3,2,2,2,2,2,2,2,2,3,2,2,2,2,2,3,2,3,3,3,1,-0.00129706606734088
4,3,2,2,2,2,2,2,2,2,3,2,2,2,2,2,3,2,3,3,3,3,-0.00128636209676523
2,3,2,2,2,3,2,2,2,2,3,2,2,2,2,3,3,2,3,3,3,2,-0.00176315943114384
3,2,2,2,2,3,2,2,2,2,3,2,2,2,2,3,3,2,3,3,3,2,-0.00126397482525275
3,4,2,2,2,3,2,2,2,2,3,2,2,2,2,3,3,2,3,3,3,2,-0.00129383130413967
3,3,1,2,2,3,2,2,2,2,3,2,2,2,2,3,3,2,3,3,3,2,-0.000634431601308077
3,3,3,2,2,3,2,2,2,2,3,2,2,2,2,3,3,2,3,3,3,2,-0.00192948257465595
3,3,2,1,2,3,2,2,2,2,3,2,2,2,2,3,3,2,3,3,3,2,-0.000161855341742125
3,3,2,3,2,3,2,2,2,2,3,2,2,2,2,3,3,2,3,3,3,2,0.000470436379663718
3,3,2,2,1,3,2,2,2,2,3,2,2,2,2,3,3,2,3,3,3,2,-0.000548941300886807
3,3,2,2,3,3,2,2,2,2,3,2,2,2,2,3,3,2,3,3,3,2,0.000276798250504045
3,3,2,2,2,2,2,2,2,2,3,2,2,2,2,3,3,2,3,3,3,2,-0.00131766724143614
3,3,2,2,2,4,2,2,2,2,3,2,2,2,2,3,3,2,3,3,3,2,0.000993025702619116
3,3,2,2,2,3,1,2,2,2,3,2,2,2,2,3,3,2,3,3,3,2,-0.000767969893902148
3,3,2,2,2,3,3,2,2,2,3,2,2,2,2,3,3,2,3,3,3,2,-0.00106129466821974
3,3,2,2,2,3,2,1,2,2,3,2,2,2,2,3,3,2,3,3,3,2,0.0015215768193809
3,3,2,2,2,3,2,2,1,2,3,2,2,2,2,3,3,2,3,3,3,2,-0.000350481646985744
3,3,2,2,2,3,2,2,2,1,3,2,2,2,2,3,3,2,3,3,3,2,-0.00211879600413228
3,3,2,2,2,3,2,2,2,3,3,2,2,2,2,3,3,2,3,3,3,2,-0.00205230595565368
3,3,2,2,2,3,2,2,2,2,4,2,2,2,2,3,3,2,3,3,3,2,-0.00142752211748345
3,3,2,2,2,3,2,2,2,2,3,1,2,2,2,3,3,2,3,3,3,2,0.000445981902119644
3,3,2,2,2,3,2,2,2,2,3,3,2,2,2,3,3,2,3,3,3,2,0.000145857132248014
3,3,2,2,2,3,2,2,2,2,3,2,1,2,2,3,3,2,3,3,3,2,-0.00134721808587718
3,3,2,2,2,3,2,2,2,2,3,2,3,2,2,3,3,2,3,3,3,2,0.000143290016094716
3,3,2,2,2,3,2,2,2,2,3,2,2,1,2,3,3,2,3,3,3,2,-0.000309232320952726
3,3,2,2,2,3,2,2,2,2,3,2,2,3,2,3,3,2,3,3,3,2,-0.00195839708543523
3,3,2,2,2,3,2,2,2,2,3,2,2,2,1,3,3,2,3,3,3,2,-0.00276748194825445
3,3,2,2,2,3,2,2,2,2,3,2,2,2,3,3,3,2,3,3,3,2,0.000768215589112551
3,3,2,2,2,3,2,2,2,2,3,2,2,2,2,4,3,2,3,3,3,2,-0.00338243650903305
3,3,2,2,2,3,2,2,2,2,3,2,2,2,2,3,2,2,3,3,3,2,-0.00123297170517821
3,3,2,2,2,3,2,2,2,2,3,2,2,2,2,3,4,2,3,3,3,2,-0.00114208438515819
3,3,2,2,2,3,2,2,2,2,3,2,2,2,2,3,3,3,3,3,3,2,0.00115508952577159
3,3,2,2,2,3,2,2,2,2,3,2,2,2,2,3,3,2,4,3,3,2,0.00077289778834284
3,3,2,2,2,3,2,2,2,2,3,2,2,2,2,3,3,2,3,2,3,2,0.00144559410918665
3,3,2,2,2,3,2,2,2,2,3,2,2,2,2,3,3,2,3,4,3,2,-0.000524104941514162
3,3,2,2,2,3,2,2,2,2,3,2,2,2,2,3,3,2,3,3,2,2,-0.00105001118567734
3,3,2,2,2,3,2,2,2,2,3,2,2,2,2,3,3,2,3,3,4,2,-0.00159158043282158
3,3,2,2,2,3,2,2,2,2,3,2,2,2,2,3,3,2,3,3,3,1,-0.00194556343937705
3,3,2,2,2,3,2,2,2,2,3,2,2,2,2,3,3,2,3,3,3,3,-0.00193490028104018
3,3,2,2,2,3,2,3,2,2,3,2,2,2,2,3,3,3,3,3,3,2,0.00128717465560562
5,3,2,2,2,3,2,3,2,2,3,2,2,2,2,3,3,3,3,3,3,2,0.00112577959782515
4,2,2,2,2,3,2,3,2,2,3,2,2,2,2,3,3,3,3,3,3,2,-5.87666970413453e-05
4,4,2,2,2,3,2,3,2,2,3,2,2,2,2,3,3,3,3,3,3,2,-7.68920652203962e-05
4,3,1,2,2,3,2,3,2,2,3,2,2,2,2,3,3,3,3,3,3,2,0.00116307238907436
4,3,3,2,2,3,2,3,2,2,3,2,2,2,2,3,3,3,3,3,3,2,-0.00131786747438032
4,3,2,1,2,3,2,3,2,2,3,2,2,2,2,3,3,3,3,3,3,2,0.000964781449492563
4,3,2,3,2,3,2,3,2,2,3,2,2,2,2,3,3,3,3,3,3,2,0.00134863516146017
4,3,2,2,1,3,2,3,2,2,3,2,2,2,2,3,3,3,3,3,3,2,0.000657973188346572
4,3,2,2,3,3,2,3,2,2,3,2,2,2,2,3,3,3,3,3,3,2,0.00115926583727624
4,3,2,2,2,2,2,3,2,2,3,2,2,2,2,3,3,3,3,3,3,2,-0.000745428759106346
4,3,2,2,2,4,2,3,2,2,3,2,2,2,2,3,3,3,3,3,3,2,0.00227154534056885
4,3,2,2,2,3,1,3,2,2,3,2,2,2,2,3,3,3,3,3,3,2,0.000426999612111887
4,3,2,2,2,3,3,3,2,2,3,2,2,2,2,3,3,3,3,3,3,2,5.5083919881572e-05
4,3,2,2,2,3,2,4,2,2,3,2,2,2,2,3,3,3,3,3,3,2,0.000726686582436996
4,3,2,2,2,3,2,3,1,2,3,2,2,2,2,3,3,3,3,3,3,2,0.000140196829575071
4,3,2,2,2,3,2,3,3,2,3,2,2,2,2,3,3,3,3,3,3,2,0.00525253759937071
4,3,2,2,2,3,2,3,2,1,3,2,2,2,2,3,3,3,3,3,3,2,-0.000777221475265576
4,3,2,2,2,3,2,3,2,3,3,2,2,2,2,3,3,3,3,3,3,2,-0.000736856480669955
4,3,2,2,2,3,2,3,2,2,4,2,2,2,2,3,3,3,3,3,3,2,0.000476224560878252
4,3,2,2,2,3,2,3,2,2,3,1,2,2,2,3,3,3,3,3,3,2,0.00144352480254717
4,3,2,2,2,3,2,3,2,2,3,3,2,2,2,3,3,3,3,3,3,2,0.00110929670576184
4,3,2,2,2,3,2,3,2,2,3,2,1,2,2,3,3,3,3,3,3,2,3.69329700189867e-06
4,3,2,2,2,3,2,3,2,2,3,2,3,2,2,3,3,3,3,3,3,2,0.000965580176889597
4,3,2,2,2,3,2,3,2,2,3,2,2,1,2,3,3,3,3,3,3,2,0.000664839823299626
4,3,2,2,2,3,2,3,2,2,3,2,2,3,2,3,3,3,3,3,3,2,-0.00054435771876185
4,3,2,2,2,3,2,3,2,2,3,2,2,2,1,3,3,3,3,3,3,2,-0.00127193650113091
4,3,2,2,2,3,2,3,2,2,3,2,2,2,3,3,3,3,3,3,3,2,0.00151633790153223
4,3,2,2,2,3,2,3,2,2,3,2,2,2,2,4,3,3,3,3,3,2,-0.00184089755098437
4,3,2,2,2,3,2,3,2,2,3,2,2,2,2,3,2,3,3,3,3,2,-1.73455596567248e-05
4,3,2,2,2,3,2,3,2,2,3,2,2,2,2,3,4,3,3,3,3,2,3.78306097906106e-05
4,3,2,2,2,3,2,3,2,2,3,2,2,2,2,3,3,4,3,3,3,2,0.000224414090491323
4,3,2,2,2,3,2,3,2,2,3,2,2,2,2,3,3,3,2,3,3,2,-0.00173405583981422
4,3,2,2,2,3,2,3,2,2,3,2,2,2,2,3,3,3,4,3,3,2,0.0026958038853841
4,3,2,2,2,3,2,3,2,2,3,2,2,2,2,3,3,3,3,2,3,2,0.00167573350474879
4,3,2,2,2,3,2,3,2,2,3,2,2,2,2,3,3,3,3,4,3,2,0.00107856084480207
4,3,2,2,2,3,2,3,2,2,3,2,2,2,2,3,3,3,3,3,2,2,6.07657672227796e-05
4,3,2,2,2,3,2,3,2,2,3,2,2,2,2,3,3,3,3,3,4,2,-0.000268011850395991
4,3,2,2,2,3,2,3,2,2,3,2,2,2,2,3,3,3,3,3,3,1,-0.000636113301791211
4,3,2,2,2,3,2,3,2,2,3,2,2,2,2,3,3,3,3,3,3,3,-0.000629639876993195
2,3,2,2,2,2,2,2,2,2,2,2,2,2,3,2,3,2,3,3,3,2,6.049859188371e-07
3,2,2,2,2,2,2,2,2,2,2,2,2,2,3,2,3,2,3,3,3,2,-0.00076071030179561
3,4,2,2,2,2,2,2,2,2,2,2,2,2,3,2,3,2,3,3,3,2,-0.000758852340659845
3,3,1,2,2,2,2,2,2,2,2,2,2,2,3,2,3,2,3,3,3,2,0.00296602959601435
3,3,3,2,2,2,2,2,2,2,2,2,2,2,3,2,3,2,3,3,3,2,-0.00445859638597829
3,3,2,1,2,2,2,2,2,2,2,2,2,2,3,2,3,2,3,3,3,2,0.000373419942915076
3,3,2,3,2,2,2,2,2,2,2,2,2,2,3,2,3,2,3,3,3,2,0.0003340725888846
3,3,2,2,1,2,2,2,2,2,2,2,2,2,3,2,3,2,3,3,3,2,0.000153840670688266
3,3,2,2,3,2,2,2,2,2,2,2,2,2,3,2,3,2,3,3,3,2,0.000102455107085855
3,3,2,2,2,1,2,2,2,2,2,2,2,2,3,2,3,2,3,3,3,2,-0.00120565117868125
3,3,2,2,2,2,1,2,2,2,2,2,2,2,3,2,3,2,3,3,3,2,-0.000760568373818724
3,3,2,2,2,2,3,2,2,2,2,2,2,2,3,2,3,2,3,3,3,2,-0.000194171594397276
3,3,2,2,2,2,2,1,2,2,2,2,2,2,3,2,3,2,3,3,3,2,0.00200780428464048
3,3,2,2,2,2,2,3,2,2,2,2,2,2,3,2,3,2,3,3,3,2,0.000394150926458424
3,3,2,2,2,2,2,2,1,2,2,2,2,2,3,2,3,2,3,3,3,2,0.00462809168349923
3,3,2,2,2,2,2,2,3,2,2,2,2,2,3,2,3,2,3,3,3,2,-0.00230444081595202
3,3,2,2,2,2,2,2,2,1,2,2,2,2,3,2,3,2,3,3,3,2,-0.00138444199775918
3,3,2,2,2,2,2,2,2,3,2,2,2,2,3,2,3,2,3,3,3,2,-0.00138857965667265
3,3,2,2,2,2,2,2,2,2,1,2,2,2,3,2,3,2,3,3,3,2,-2.84738854423931e-05
3,3,2,2,2,2,2,2,2,2,3,2,2,2,3,2,3,2,3,3,3,2,-0.000264059931872731
3,3,2,2,2,2,2,2,2,2,2,1,2,2,3,2,3,2,3,3,3,2,0.000171079092141113
3,3,2,2,2,2,2,2,2,2,2,3,2,2,3,2,3,2,3,3,3,2,0.000758921386572616
3,3,2,2,2,2,2,2,2,2,2,2,1,2,3,2,3,2,3,3,3,2,-0.00205355554690166
3,3,2,2,2,2,2,2,2,2,2,2,3,2,3,2,3,2,3,3,3,2,0.0016123836329267
3,3,2,2,2,2,2,2,2,2,2,2,2,1,3,2,3,2,3,3,3,2,-0.000956046649209771
3,3,2,2,2,2,2,2,2,2,2,2,2,3,3,2,3,2,3,3,3,2,-0.000316355208380015
3,3,2,2,2,2,2,2,2,2,2,2,2,2,4,2,3,2,3,3,3,2,-0.000104361185140992
3,3,2,2,2,2,2,2,2,2,2,2,2,2,3,1,3,2,3,3,3,2,0.00171993003689737
3,3,2,2,2,2,2,2,2,2,2,2,2,2,3,3,3,2,3,3,3,2,-3.68298314177954e-06
3,3,2,2,2,2,2,2,2,2,2,2,2,2,3,2,2,2,3,3,3,2,-0.000685959052969402
3,3,2,2,2,2,2,2,2,2,2,2,2,2,3,2,4,2,3,3,3,2,-0.000691614947925146
3,3,2,2,2,2,2,2,2,2,2,2,2,2,3,2,3,1,3,3,3,2,0.00366649724926835
3,3,2,2,2,2,2,2,2,2,2,2,2,2,3,2,3,3,3,3,3,2,-0.00205965121264254
3,3,2,2,2,2,2,2,2,2,2,2,2,2,3,2,3,2,2,3,3,2,0.00736431054245663
3,3,2,2,2,2,2,2,2,2,2,2,2,2,3,2,3,2,4,3,3,2,-0.00650233124965828
3,3,2,2,2,2,2,2,2,2,2,2,2,2,3,2,3,2,3,2,3,2,-3.17398543620519e-05
3,3,2,2,2,2,2,2,2,2,2,2,2,2,3,2,3,2,3,4,3,2,0.00123843671701746
3,3,2,2,2,2,2,2,2,2,2,2,2,2,3,2,3,2,3,3,2,2,-0.000809180976741751
3,3,2,2,2,2,2,2,2,2,2,2,2,2,3,2,3,2,3,3,4,2,-0.00077547925935719
3,3,2,2,2,2,2,2,2,2,2,2,2,2,3,2,3,2,3,3,3,1,-0.00127327256019376
3,3,2,2,2,2,2,2,2,2,2,2,2,2,3,2,3,2,3,3,3,3,-0.00127393612584229
3,3,2,2,2,5,3,2,2,2,2,3,5,3,5,2,3,3,3,4,3,2,-0.000254274910740843
5,3,2,2,2,5,3,2,2,2,2,3,5,3,5,2,3,3,3,4,3,2,0.000729774809791252
4,2,2,2,2,5,3,2,2,2,2,3,5,3,5,2,3,3,3,4,3,2,-8.32790538569764e-05
4,4,2,2,2,5,3,2,2,2,2,3,5,3,5,2,3,3,3,4,3,2,8.61175181522109e-05
4,3,1,2,2,5,3,2,2,2,2,3,5,3,5,2,3,3,3,4,3,2,0.00684777376840742
4,3,3,2,2,5,3,2,2,2,2,3,5,3,5,2,3,3,3,4,3,2,-0.00678752560300997
4,3,2,1,2,5,3,2,2,2,2,3,5,3,5,2,3,3,3,4,3,2,0.00201842926877966
4,3,2,3,2,5,3,2,2,2,2,3,5,3,5,2,3,3,3,4,3,2,-0.00156900147018864
4,3,2,2,1,5,3,2,2,2,2,3,5,3,5,2,3,3,3,4,3,2,0.00252197228091563
4,3,2,2,3,5,3,2,2,2,2,3,5,3,5,2,3,3,3,4,3,2,-0.00216302255415018
4,3,2,2,2,4,3,2,2,2,2,3,5,3,5,2,3,3,3,4,3,2,0.00157659471955769
4,3,2,2,2,6,3,2,2,2,2,3,5,3,5,2,3,3,3,4,3,2,-0.00148582074104959
4,3,2,2,2,5,2,2,2,2,2,3,5,3,5,2,3,3,3,4,3,2,0.00277171758161442
4,3,2,2,2,5,4,2,2,2,2,3,5,3,5,2,3,3,3,4,3,2,-0.00275271336700009
4,3,2,2,2,5,3,1,2,2,2,3,5,3,5,2,3,3,3,4,3,2,0.00275637961920744
4,3,2,2,2,5,3,3,2,2,2,3,5,3,5,2,3,3,3,4,3,2,-0.00192048514558953
4,3,2,2,2,5,3,2,1,2,2,3,5,3,5,2,3,3,3,4,3,2,0.00201625113736257
4,3,2,2,2,5,3,2,3,2,2,3,5,3,5,2,3,3,3,4,3,2,-0.00115970656841724
4,3,2,2,2,5,3,2,2,1,2,3,5,3,5,2,3,3,3,4,3,2,6.43638851104572e-05
4,3,2,2,2,5,3,2,2,3,2,3,5,3,5,2,3,3,3,4,3,2,-0.000312880408421625
4,3,2,2,2,5,3,2,2,2,1,3,5,3,5,2,3,3,3,4,3,2,-0.0039996973225766
4,3,2,2,2,5,3,2,2,2,3,3,5,3,5,2,3,3,3,4,3,2,0.00428752478241087
4,3,2,2,2,5,3,2,2,2,2,2,5,3,5,2,3,3,3,4,3,2,0.002175947791343
4,3,2,2,2,5,3,2,2,2,2,4,5,3,5,2,3,3,3,4,3,2,-0.0018087603994462
4,3,2,2,2,5,3,2,2,2,2,3,4,3,5,2,3,3,3,4,3,2,0.00517892491269974
4,3,2,2,2,5,3,2,2,2,2,3,6,3,5,2,3,3,3,4,3,2,-0.00572291902649778
4,3,2,2,2,5,3,2,2,2,2,3,5,2,5,2,3,3,3,4,3,2,-0.000832066422013793
4,3,2,2,2,5,3,2,2,2,2,3,5,4,5,2,3,3,3,4,3,2,0.000909482781398289
4,3,2,2,2,5,3,2,2,2,2,3,5,3,4,2,3,3,3,4,3,2,-0.00227987020310608
4,3,2,2,2,5,3,2,2,2,2,3,5,3,6,2,3,3,3,4,3,2,0.00271979573413042
4,3,2,2,2,5,3,2,2,2,2,3,5,3,5,1,3,3,3,4,3,2,0.00846847348305841
4,3,2,2,2,5,3,2,2,2,2,3,5,3,5,3,3,3,3,4,3,2,-0.00791092935782627
4,3,2,2,2,5,3,2,2,2,2,3,5,3,5,2,2,3,3,4,3,2,0.000273489150772821
4,3,2,2,2,5,3,2,2,2,2,3,5,3,5,2,4,3,3,4,3,2,-0.000242177834234268
4,3,2,2,2,5,3,2,2,2,2,3,5,3,5,2,3,2,3,4,3,2,0.00213206727192498
4,3,2,2,2,5,3,2,2,2,2,3,5,3,5,2,3,4,3,4,3,2,-0.00160251868687775
4,3,2,2,2,5,3,2,2,2,2,3,5,3,5,2,3,3,2,4,3,2,0.000596675685333438
4,3,2,2,2,5,3,2,2,2,2,3,5,3,5,2,3,3,4,4,3,2,-0.000162049406110669
4,3,2,2,2,5,3,2,2,2,2,3,5,3,5,2,3,3,3,3,3,2,0.00230587956528328
4,3,2,2,2,5,3,2,2,2,2,3,5,3,5,2,3,3,3,5,3,2,-0.00206994563248703
4,3,2,2,2,5,3,2,2,2,2,3,5,3,5,2,3,3,3,4,2,2,-0.0015414572675715
4,3,2,2,2,5,3,2,2,2,2,3,5,3,5,2,3,3,3,4,4,2,0.00153124177103867
4,3,2,2,2,5,3,2,2,2,2,3,5,3,5,2,3,3,3,4,3,1,-7.13674706806039e-05
4,3,2,2,2,5,3,2,2,2,2,3,5,3,5,2,3,3,3,4,3,3,-0.000131866984903596
-0.129849536084482,-0.00822322467782147,-0.0127727504769457,0.0500454437067781,0.0100398784637142,0.0158504959176755,0.0396061586305555,0.000944526222326565,0.0391269424830432,0.0577373220008372,-0.000524810801528975,-0.014793121044516,0.0167008983348606,-0.0184447647683779,0.016839677326118,-0.0723023869286684,0.0436130637031791,-0.00623068804071057,0.0253520270595688,0.0205219079608593,-0.031507133024983,-0.00660366489965451,-0.000784225444186965
